## X [m] Velocity [m/s]
0.005 0.75
0.015 0.75
0.025 0.75
0.035 0.75
0.045 0.75
0.055 0.75
0.065 0.75
0.075 0.75
0.085 0.75
0.095 0.75
0.105 0.75
0.115 0.75
0.125 0.75
0.135 0.75
0.145 0.75
0.155 0.75
0.165 0.75
0.175 0.75
0.185 0.75
0.195 0.75
0.205 0.766025
0.215 0.816025
0.225 0.866025
0.235 0.916025
0.245 0.966025
0.255 1.01603
0.265 1.06603
0.275 1.09737
0.285 1.09737
0.295 1.09737
0.305 1.09737
0.315 1.09737
0.325 1.09737
0.335 1.09737
0.345 1.09737
0.355 1.09737
0.365 1.09737
0.375 1.09737
0.385 1.09737
0.395 1.09737
0.405 1.09737
0.415 1.09737
0.425 1.09737
0.435 1.09737
0.445 1.09737
0.455 1.09737
0.465 1.09737
0.475 1.09737
0.485 1.09737
0.495 1.09737
0.505 1.09737
0.515 1.09737
0.525 1.09737
0.535 1.09737
0.545 1.09737
0.555 1.09737
0.565 1.09737
0.575 1.09737
0.585 1.09737
0.595 1.09737
0.605 0
0.615 0
0.625 0
0.635 0
0.645 0
0.655 0
0.665 0
0.675 0
0.685 0
0.695 0
0.705 0
0.715 0
0.725 0
0.735 0
0.745 0
0.755 0
0.765 0
0.775 0
0.785 0
0.795 0
0.805 0
0.815 0
0.825 0
0.835 0
0.845 0
0.855 0
0.865 0
0.875 0
0.885 0
0.895 0
0.905 0
0.915 0
0.925 0
0.935 0
0.945 0
0.955 0
0.965 0
0.975 0
0.985 0
0.995 0
