## X [m] Density [kg/m^3]
0.005 1
0.015 1
0.025 1
0.035 1
0.045 1
0.055 1
0.065 1
0.075 1
0.085 1
0.095 1
0.105 1
0.115 1
0.125 1
0.135 1
0.145 1
0.155 1
0.165 1
0.175 1
0.185 1
0.195 1
0.205 0.990748
0.215 0.96188
0.225 0.933013
0.235 0.904145
0.245 0.875278
0.255 0.84641
0.265 0.817543
0.275 0.799448
0.285 0.799448
0.295 0.799448
0.305 0.799448
0.315 0.799448
0.325 0.799448
0.335 0.799448
0.345 0.799448
0.355 0.799448
0.365 0.799448
0.375 0.799448
0.385 0.799448
0.395 0.799448
0.405 0.799448
0.415 0.197253
0.425 0.197253
0.435 0.197253
0.445 0.197253
0.455 0.197253
0.465 0.197253
0.475 0.197253
0.485 0.197253
0.495 0.197253
0.505 0.197253
0.515 0.197253
0.525 0.197253
0.535 0.197253
0.545 0.197253
0.555 0.197253
0.565 0.197253
0.575 0.197253
0.585 0.197253
0.595 0.197253
0.605 0.125
0.615 0.125
0.625 0.125
0.635 0.125
0.645 0.125
0.655 0.125
0.665 0.125
0.675 0.125
0.685 0.125
0.695 0.125
0.705 0.125
0.715 0.125
0.725 0.125
0.735 0.125
0.745 0.125
0.755 0.125
0.765 0.125
0.775 0.125
0.785 0.125
0.795 0.125
0.805 0.125
0.815 0.125
0.825 0.125
0.835 0.125
0.845 0.125
0.855 0.125
0.865 0.125
0.875 0.125
0.885 0.125
0.895 0.125
0.905 0.125
0.915 0.125
0.925 0.125
0.935 0.125
0.945 0.125
0.955 0.125
0.965 0.125
0.975 0.125
0.985 0.125
0.995 0.125
