1.000035418002391152e+00
1.000034855127897249e+00
1.000033754909884109e+00
1.000032297526428859e+00
1.000030868231185810e+00
1.000029126577095528e+00
1.000026799980487047e+00
1.000024358375110278e+00
1.000021915266334771e+00
1.000018669281610428e+00
1.000015418119268640e+00
1.000011772663329968e+00
1.000007222884146785e+00
1.000002155941741577e+00
9.999965442558802486e-01
9.999903671481950029e-01
9.999840795885240885e-01
9.999776827550358460e-01
9.999710164126504042e-01
9.999640873928995477e-01
9.999569012281868119e-01
9.999493536260832816e-01
9.999415049293902680e-01
9.999333553588262147e-01
9.999249043126973158e-01
9.999160959615518429e-01
9.999067846538687299e-01
9.998970585578479398e-01
9.998869079521488512e-01
9.998763244166659625e-01
9.998653549800478046e-01
9.998540143337436570e-01
9.998422745661550426e-01
9.998301354373596572e-01
9.998175967390501295e-01
9.998048253271001329e-01
9.997917632212219852e-01
9.997784071119182325e-01
9.997647665238784676e-01
9.997508364168413708e-01
9.997365618532024767e-01
9.997219829602109753e-01
9.997071012542938506e-01
9.996919181168202329e-01
9.996763139943776189e-01
9.996601884761964207e-01
9.996436079300243804e-01
9.996265551930078042e-01
9.996090165882568490e-01
9.995912921141557606e-01
9.995732643842374365e-01
9.995549561882207668e-01
9.995363406563452235e-01
9.995173304981014306e-01
9.994979806267975109e-01
9.994782896047428311e-01
9.994582273282932583e-01
9.994377849051983009e-01
9.994169639047677522e-01
9.993957604533647565e-01
9.993742119712978322e-01
9.993522993309998936e-01
9.993300229991877170e-01
9.993073957286044973e-01
9.992844349165782569e-01
9.992611305685717982e-01
9.992374853709061755e-01
9.992135018549217484e-01
9.991891583800026622e-01
9.991644419419437595e-01
9.991393661072197618e-01
9.991139295002149368e-01
9.990881308247243631e-01
9.990619716640057879e-01
9.990354513518413526e-01
9.990085681072232715e-01
9.989813212171597678e-01
9.989537100091886446e-01
9.989257464902435713e-01
9.988974282745075595e-01
9.988687536570234338e-01
9.988397232711948570e-01
9.988103377234910374e-01
9.987805941544450894e-01
9.987504950081994570e-01
9.987200409099210585e-01
9.986892322539615563e-01
9.986580694203788244e-01
9.986265527757788307e-01
9.985946826741022297e-01
9.985624482191660656e-01
9.985298509311024695e-01
9.984968945960270847e-01
9.984635789553216734e-01
9.984299037651169773e-01
9.983958687955680755e-01
9.983614738301708202e-01
9.983267190533451352e-01
9.982916045764311797e-01
9.982561298807662853e-01
9.982202948292711042e-01
9.981840992940999024e-01
9.981475431562304435e-01
9.981106263050782967e-01
9.980733495328873994e-01
9.980357158634454162e-01
9.979977228944747480e-01
9.979593707077871745e-01
9.979206593859851759e-01
9.978815890124611565e-01
9.978421596713946684e-01
9.978023714477524120e-01
9.977622198872254655e-01
9.977217086019248837e-01
9.976808376555107438e-01
9.976396070842830088e-01
9.975980169271236875e-01
9.975560672254210060e-01
9.975137580229951340e-01
9.974710893660299060e-01
9.974280613030055420e-01
9.973846738846372517e-01
9.973409271638142837e-01
9.972968211955436368e-01
9.972523491388503025e-01
9.972075135087266062e-01
9.971623165916188025e-01
9.971167583331416173e-01
9.970708386844908677e-01
9.970245576022600531e-01
9.969779150482641628e-01
9.969309109893715881e-01
9.968835453973441396e-01
9.968358182486835029e-01
9.967877295244845781e-01
9.967392792102964805e-01
9.966904645988722278e-01
9.966412841852501092e-01
9.965917407548042783e-01
9.965418342310840005e-01
9.964915645437556480e-01
9.964409316284156271e-01
9.963899354264108554e-01
9.963385758846671214e-01
9.962868529555238828e-01
9.962347665965772814e-01
9.961823167705272652e-01
9.961295034450325936e-01
9.960763264433862840e-01
9.960227851357894568e-01
9.959688800665758013e-01
9.959146112105979887e-01
9.958599785473272181e-01
9.958049820607257629e-01
9.957496217391283988e-01
9.956938975751292720e-01
9.956378095654695448e-01
9.955813577109324797e-01
9.955245420162405212e-01
9.954673624899568196e-01
9.954098191443911947e-01
9.953519068078202636e-01
9.952936290279457143e-01
9.952349861590747970e-01
9.951759781532822924e-01
9.951166049678084047e-01
9.950568665649286437e-01
9.949967629118283696e-01
9.949362939804798911e-01
9.948754597475270023e-01
9.948142601941702967e-01
9.947526953060598087e-01
9.946907650731870998e-01
9.946284644184527624e-01
9.945657942287413622e-01
9.945027568201121326e-01
9.944393520902058414e-01
9.943755799430531450e-01
9.943114402889218217e-01
9.942469330441641162e-01
9.941820581310730764e-01
9.941168154777407784e-01
9.940512050179239889e-01
9.939852266909112721e-01
9.939188804413960909e-01
9.938521569280399648e-01
9.937850703930111163e-01
9.937176139143449882e-01
9.936497874719431023e-01
9.935815910418075436e-01
9.935130245961705242e-01
9.934440881036191717e-01
9.933747815292182093e-01
9.933051048346264178e-01
9.932350579782118771e-01
9.931646409151616561e-01
9.930938535975909476e-01
9.930226957422396694e-01
9.929511654652899422e-01
9.928792642810082558e-01
9.928069920871908094e-01
9.927343487779523024e-01
9.926613342438430632e-01
9.925879483719663998e-01
9.925141910460888450e-01
9.924400621467500683e-01
9.923655615513686801e-01
9.922906891343444835e-01
9.922154447671595046e-01
9.921398283184738043e-01
9.920638396542214021e-01
9.919874786377004261e-01
9.919107451296647060e-01
9.918336385437362956e-01
9.917561578110162257e-01
9.916783037720078298e-01
9.916000762446893768e-01
9.915214750440285441e-01
9.914424999820793394e-01
9.913631508680771365e-01
9.912834275085303792e-01
9.912033297073119531e-01
9.911228572657450053e-01
9.910420099826899865e-01
9.909607876546261407e-01
9.908791900757339954e-01
9.907972170379732990e-01
9.907148683311600701e-01
9.906321437430427590e-01
9.905490430097918519e-01
9.904655658854588651e-01
9.903817122046106869e-01
9.902974817451017930e-01
9.902128742830034192e-01
9.901278895926698409e-01
9.900425274468031001e-01
9.899567876165152880e-01
9.898706698713902741e-01
9.897841739795433247e-01
9.896972997076799450e-01
9.896100468211523893e-01
9.895224150840156163e-01
9.894344042590824673e-01
9.893460141079752912e-01
9.892572443911793467e-01
9.891680962392709331e-01
9.890785693060936135e-01
9.889886626213284515e-01
9.888983759882292723e-01
9.888077092104285981e-01
9.887166620919545235e-01
9.886252344372493672e-01
9.885334260511852156e-01
9.884412367390812415e-01
9.883486663067190259e-01
9.882557145603597659e-01
9.881623813067577089e-01
9.880686663531772496e-01
9.879745695074071410e-01
9.878800905777739283e-01
9.877852293731586020e-01
9.876899867450076309e-01
9.875943620194147510e-01
9.874983547707680831e-01
9.874019648381427983e-01
9.873051920620019573e-01
9.872080362841926249e-01
9.871104973479442046e-01
9.870125750978643309e-01
9.869142693799367594e-01
9.868155800415179257e-01
9.867165069313353909e-01
9.866170498994837335e-01
9.865172087974232173e-01
9.864169834779769053e-01
9.863163737953283272e-01
9.862153796050193710e-01
9.861139965750274072e-01
9.860122275642155820e-01
9.859100725556476652e-01
9.858075313185695743e-01
9.857046036210209694e-01
9.856012892298826600e-01
9.854975879109250103e-01
9.853934994288529037e-01
9.852890235473524827e-01
9.851841600291342260e-01
9.850789086359781344e-01
9.849732691287750308e-01
9.848672412675694154e-01
9.847608248116007656e-01
9.846540195193431710e-01
9.845468243585848711e-01
9.844392327715207891e-01
9.843312499007756955e-01
9.842228753461169655e-01
9.841141087021411105e-01
9.840049495583951256e-01
9.838953974994958385e-01
9.837854521052485923e-01
9.836751129507620428e-01
9.835643796065611788e-01
9.834532516386988998e-01
9.833417286088641518e-01
9.832298100744908398e-01
9.831174955888604128e-01
9.830047847012072237e-01
9.828916769568185607e-01
9.827781628854377338e-01
9.826641974278970126e-01
9.825497718527486102e-01
9.824348761949441844e-01
9.823195958672527039e-01
9.822040148338667676e-01
9.820881635903440099e-01
9.819720060478986934e-01
9.818555076649745361e-01
9.817385966358995741e-01
9.816212297925983599e-01
9.815033938694210924e-01
9.813850795920826542e-01
9.812663269446557646e-01
9.811471681787412580e-01
9.810276398712658441e-01
9.809077653341138348e-01
9.807875503954739393e-01
9.806669571439281530e-01
9.805459847586865951e-01
9.804245887334737120e-01
9.803027729303750437e-01
9.801805252941151458e-01
9.800578576702846378e-01
9.799347753814462436e-01
9.798112983028168799e-01
9.796874238697337312e-01
9.795631556310210319e-01
9.794384974990500980e-01
9.793134490082457955e-01
9.791879966447442074e-01
9.790621530646783643e-01
9.789358887476267146e-01
9.788092176026247371e-01
9.786821484052703468e-01
9.785546673297486064e-01
9.784267707471184794e-01
9.782984724848639013e-01
9.781697856657408652e-01
9.780406562714667462e-01
9.779111328507287260e-01
9.777812152424645298e-01
9.776508870209943414e-01
9.775201547969400995e-01
9.773890169187788857e-01
9.772574717605095884e-01
9.771255181281365276e-01
9.769931543857576228e-01
9.768603789943731686e-01
9.767271904835164165e-01
9.765935922503047317e-01
9.764595841878285221e-01
9.763251642548518294e-01
9.761903319714758664e-01
9.760550887871758396e-01
9.759194361178070709e-01
9.757833727494578113e-01
9.756468987545348082e-01
9.755100128440331586e-01
9.753727124637526780e-01
9.752349995731057763e-01
9.750968739996651591e-01
9.749583355783532079e-01
9.748193841513578262e-01
9.746800195121696486e-01
9.745402357694307183e-01
9.744000360642011138e-01
9.742594199411775957e-01
9.741183869557905606e-01
9.739769366740794743e-01
9.738350686725691929e-01
9.736927831574805348e-01
9.735500797265659312e-01
9.734069578190560623e-01
9.732634171054156402e-01
9.731194572653828478e-01
9.729750779878646449e-01
9.728302791617673417e-01
9.726850607989009356e-01
9.725394223894312518e-01
9.723933636911396006e-01
9.722468844700906665e-01
9.720999845005410256e-01
9.719526633893520451e-01
9.718049167289330992e-01
9.716567474351882616e-01
9.715081552096080930e-01
9.713591397626448742e-01
9.712097008136143517e-01
9.710598380906002580e-01
9.709095513303592773e-01
9.707588402782273418e-01
9.706077046880280390e-01
9.704561442588385267e-01
9.703041526079414503e-01
9.701517339856498001e-01
9.699988880327593543e-01
9.698456143997632450e-01
9.696919127467487076e-01
9.695377827432944962e-01
9.693832240683704082e-01
9.692282364102393633e-01
9.690728194663581485e-01
9.689169729432817180e-01
9.687606932639547530e-01
9.686039824443993806e-01
9.684468402016942479e-01
9.682892661998018236e-01
9.681312601121877526e-01
9.679728216217211578e-01
9.678139504205794941e-01
9.676546462101514035e-01
9.674949087009433457e-01
9.673347376124867836e-01
9.671741248588363593e-01
9.670130811772686963e-01
9.668516013208473536e-01
9.666896850296593513e-01
9.665273320406410074e-01
9.663645420876498804e-01
9.662013149015346025e-01
9.660376502102059337e-01
9.658735477387041524e-01
9.657090072092683330e-01
9.655440243255476451e-01
9.653786011081775253e-01
9.652127374183346875e-01
9.650464327761846262e-01
9.648796866909336023e-01
9.647124986610077224e-01
9.645448681742310182e-01
9.643767947080004177e-01
9.642082777294592733e-01
9.640393166956691129e-01
9.638699110537773951e-01
9.637000610866710559e-01
9.635297662012221043e-01
9.633590254656841934e-01
9.631878383485177331e-01
9.630162043117627135e-01
9.628441228111596084e-01
9.626715932962687239e-01
9.624986152105883264e-01
9.623251879916711049e-01
9.621513110712399675e-01
9.619769838753011726e-01
9.618022065635358775e-01
9.616269795398111331e-01
9.614513012156057359e-01
9.612751710885001355e-01
9.610985886552018131e-01
9.609215534115947976e-01
9.607440648527871829e-01
9.605661224731596448e-01
9.603877257664129585e-01
9.602088742256146281e-01
9.600295673432454047e-01
9.598498046379211335e-01
9.596695858846757687e-01
9.594889103683483800e-01
9.593077775931345696e-01
9.591261870635053866e-01
9.589441382842432970e-01
9.587616307604757138e-01
9.585786639977100787e-01
9.583952375018681691e-01
9.582113507793188489e-01
9.580270033369122640e-01
9.578421946820122601e-01
9.576569224846145367e-01
9.574711870421870330e-01
9.572849881128252525e-01
9.570983251074073328e-01
9.569111974330364312e-01
9.567236044931294314e-01
9.565355456875053175e-01
9.563470204124713270e-01
9.561580280609089932e-01
9.559685680223590776e-01
9.557786396831060571e-01
9.555882417842731513e-01
9.553973735595290284e-01
9.552060348068348583e-01
9.550142248590508531e-01
9.548219430445269440e-01
9.546291886872037002e-01
9.544359611067112503e-01
9.542422596184683137e-01
9.540480835337779020e-01
9.538534321599243526e-01
9.536583048002688079e-01
9.534627007543430288e-01
9.532666193179424319e-01
9.530700629858730455e-01
9.528730297397990379e-01
9.526755182391444254e-01
9.524775279059569666e-01
9.522790581645940167e-01
9.520801084417384041e-01
9.518806781664157501e-01
9.516807667700101225e-01
9.514803736862814665e-01
9.512794983513805924e-01
9.510781402038660515e-01
9.508762986847196785e-01
9.506739732549444044e-01
9.504711641810511535e-01
9.502678703098101920e-01
9.500640911196467364e-01
9.498598260926351955e-01
9.496550747145009463e-01
9.494498364746206676e-01
9.492441108660236715e-01
9.490378973853921263e-01
9.488311955330624992e-01
9.486240048130266667e-01
9.484163247329320257e-01
9.482081548040834917e-01
9.479994929405092252e-01
9.477903343715461393e-01
9.475806820940363417e-01
9.473705352993723183e-01
9.471598931657400078e-01
9.469487548583256364e-01
9.467371195295223307e-01
9.465249863191325108e-01
9.463123543545706173e-01
9.460992227510616193e-01
9.458855906118396328e-01
9.456714558029124529e-01
9.454568176577405891e-01
9.452416754403722976e-01
9.450260280850912853e-01
9.448098745079022143e-01
9.445932136068042606e-01
9.443760442620625639e-01
9.441583653364769013e-01
9.439401764829371544e-01
9.437214845318782075e-01
9.435022833292904254e-01
9.432825723199823598e-01
9.430623509728012221e-01
9.428416187804079529e-01
9.426203752590539553e-01
9.423986199483608273e-01
9.421763524111012034e-01
9.419535732936938910e-01
9.417302831257751139e-01
9.415064805566085715e-01
9.412821653260188270e-01
9.410573371847411606e-01
9.408319958943376360e-01
9.406061412271169431e-01
9.403797729660516858e-01
9.401528834877556084e-01
9.399254755790489302e-01
9.396975493039488869e-01
9.394691039968970925e-01
9.392401390071002387e-01
9.390106536984165198e-01
9.387806393675678374e-01
9.385500938304519591e-01
9.383190195120695298e-01
9.380874150285759550e-01
9.378552790175789244e-01
9.376226101379793176e-01
9.373894085538049259e-01
9.371556754131868949e-01
9.369214076649736711e-01
9.366866043227171090e-01
9.364512644180248424e-01
9.362153870004247258e-01
9.359789719954579867e-01
9.357420276803902759e-01
9.355045477589621905e-01
9.352665319569554159e-01
9.350279800119586371e-01
9.347888916732804976e-01
9.345492667018659994e-01
9.343091026918495245e-01
9.340684001135238779e-01
9.338271589435427344e-01
9.335853788338215331e-01
9.333430594488921761e-01
9.331002004658102145e-01
9.328567943741227220e-01
9.326128381823473035e-01
9.323683350217165655e-01
9.321232838273066923e-01
9.318776835533647551e-01
9.316315331731719329e-01
9.313848297273122911e-01
9.311375679043053522e-01
9.308897496868219212e-01
9.306413737026228983e-01
9.303924386015884895e-01
9.301429430555634426e-01
9.298928859692029425e-01
9.296422710709683068e-01
9.293910942238488015e-01
9.291393544945570904e-01
9.288870509682716214e-01
9.286341827485079525e-01
9.283807489569927407e-01
9.281267530309988967e-01
9.278721931964584169e-01
9.276170680312283423e-01
9.273613770577646687e-01
9.271051198131952109e-01
9.268482958492190171e-01
9.265909048317150232e-01
9.263329463998196678e-01
9.260744200889937661e-01
9.258153255204059073e-01
9.255556623291945062e-01
9.252954301643746549e-01
9.250346252314397555e-01
9.247732368291011751e-01
9.245112714090744088e-01
9.242487277728662631e-01
9.239856047433320230e-01
9.237219011645313449e-01
9.234576159015848162e-01
9.231927380021689444e-01
9.229272718720774593e-01
9.226612158837764754e-01
9.223945684183816329e-01
9.221273278823579611e-01
9.218594927073531231e-01
9.215910646741135581e-01
9.213220419146647133e-01
9.210524222619436152e-01
9.207822045222947560e-01
9.205113875240111820e-01
9.202399701171907198e-01
9.199679553017556799e-01
9.196953454680545370e-01
9.194221364688206499e-01
9.191483278057044348e-01
9.188739189965148269e-01
9.185989095751144751e-01
9.183232988385319207e-01
9.180470852980181506e-01
9.177702691955408332e-01
9.174928500450502122e-01
9.172148273767560811e-01
9.169362007370213119e-01
9.166569696882566065e-01
9.163771203786096331e-01
9.160966589856134323e-01
9.158155848896385454e-01
9.155338968910410324e-01
9.152515938128986672e-01
9.149686745008652755e-01
9.146851296648238483e-01
9.144009580072163246e-01
9.141161606862689970e-01
9.138307359007525887e-01
9.135446818776981059e-01
9.132579968722228658e-01
9.129706795598058200e-01
9.126827287100367503e-01
9.123941422988826044e-01
9.121049187531115043e-01
9.118150565261829987e-01
9.115245540980831951e-01
9.112334113036429928e-01
9.109416347698970906e-01
9.106492181491285809e-01
9.103561606104237924e-01
9.100624613435285282e-01
9.097681195587187242e-01
9.094731344866728850e-01
9.091775083177895400e-01
9.088812391069815977e-01
9.085843260672732402e-01
9.082867687028439718e-01
9.079885665359789249e-01
9.076897191069571713e-01
9.073902214690479084e-01
9.070900719012742197e-01
9.067892713358584045e-01
9.064878187549951782e-01
9.061857131637387486e-01
9.058829475995591185e-01
9.055795132826784943e-01
9.052754140316314757e-01
9.049706476213780215e-01
9.046652118604074921e-01
9.043591037836835600e-01
9.040523178115225100e-01
9.037448536477470373e-01
9.034367088623587172e-01
9.031278810610968710e-01
9.028183679375804127e-01
9.025081763387260425e-01
9.021972995670506368e-01
9.018857361176626508e-01
9.015734845139519171e-01
9.012605433074226680e-01
9.009469183007037252e-01
9.006326070526032845e-01
9.003176075854645299e-01
9.000019193264519046e-01
8.996855417234502772e-01
8.993684768619544245e-01
8.990507257616334735e-01
8.987322872028312704e-01
8.984131612746542039e-01
8.980933454946889993e-01
8.977728309126753459e-01
8.974516213306591439e-01
8.971297155121636946e-01
8.968071122475181900e-01
8.964837953073107046e-01
8.961597678202403161e-01
8.958350275838234955e-01
8.955095716660541605e-01
8.951833936289986804e-01
8.948564887655453548e-01
8.945288551703616253e-01
8.942004893417764277e-01
8.938713894414896943e-01
8.935415572485011504e-01
8.932109872962092911e-01
8.928796770825488949e-01
8.925476241445711167e-01
8.922148395161477730e-01
8.918813166427989048e-01
8.915470542749786009e-01
8.912120517043232715e-01
8.908763130495289673e-01
8.905398398877200083e-01
8.902026304723168471e-01
8.898646851565000793e-01
8.895260029966564064e-01
8.891865805138380319e-01
8.888464196819062524e-01
8.885055202941557484e-01
8.881638821642915405e-01
8.878214886314774734e-01
8.874783450588759059e-01
8.871344498114431820e-01
8.867898008631381890e-01
8.864443863258539835e-01
8.860982001819966980e-01
8.857512425858314886e-01
8.854035097251865549e-01
8.850549965220448900e-01
8.847056957025932755e-01
8.843556050700583926e-01
8.840047204303317363e-01
8.836530376454501123e-01
8.833005625165258889e-01
8.829472874845185615e-01
8.825932095779389641e-01
8.822383260071244848e-01
8.818826442731648729e-01
8.815261653440429335e-01
8.811688846341350079e-01
8.808108014722760837e-01
8.804519180402554657e-01
8.800922407571797335e-01
8.797317661398743605e-01
8.793704948205067762e-01
8.790084274476263060e-01
8.786455608187524469e-01
8.782818965517973364e-01
8.779174347106506460e-01
8.775521704893222141e-01
8.771860990622469822e-01
8.768192214450888367e-01
8.764515349534157673e-01
8.760830227630860279e-01
8.757136870975793519e-01
8.753435237660976975e-01
8.749725211974603845e-01
8.746006708959433995e-01
8.742279693838267418e-01
8.738544102741739872e-01
8.734799859066504357e-01
8.731046907050726835e-01
8.727285184642590288e-01
8.723514699713127429e-01
8.719735411650947343e-01
8.715947261553266268e-01
8.712150247982014539e-01
8.708344469497873996e-01
8.704529852260131095e-01
8.700706386355016031e-01
8.696874216671720559e-01
8.693033341821401194e-01
8.689183765048497099e-01
8.685325514110857625e-01
8.681458623092971338e-01
8.677583114973860257e-01
8.673698986185874871e-01
8.669806224293475916e-01
8.665904856134032386e-01
8.661994798581346133e-01
8.658076003956653999e-01
8.654148474365647159e-01
8.650212055544669321e-01
8.646266698682127938e-01
8.642312359069733718e-01
8.638348859834278359e-01
8.634376154500310596e-01
8.630394155518731347e-01
8.626402746797298127e-01
8.622401849281119413e-01
8.618391386053807501e-01
8.614371314613575858e-01
8.610341543933075492e-01
8.606302046070712919e-01
8.602252833107907337e-01
8.598193830288825001e-01
8.594125073301844830e-01
8.590046595468998625e-01
8.585958360369485565e-01
8.581860445857459885e-01
8.577752881674923779e-01
8.573635674172795929e-01
8.569508889114417771e-01
8.565372551947000312e-01
8.561226692494681156e-01
8.557071302831956716e-01
8.552906421782526802e-01
8.548732055017690401e-01
8.544548118087696986e-01
8.540354645976256931e-01
8.536151588147286029e-01
8.531938814788904146e-01
8.527716331518676585e-01
8.523484028492219755e-01
8.519241768686235394e-01
8.514989513466111326e-01
8.510727122808934286e-01
8.506454477368025069e-01
8.502171497632169395e-01
8.497878066195589941e-01
8.493574081955272970e-01
8.489259446638716122e-01
8.484934120686278280e-01
8.480598001591016510e-01
8.476251015996474347e-01
8.471893197728380676e-01
8.467524453922984362e-01
8.463144767976514826e-01
8.458754230278598962e-01
8.454352778908885702e-01
8.449940442881017644e-01
8.445517291709353502e-01
8.441083312446486797e-01
8.436638543375609700e-01
8.432183024047006370e-01
8.427716773139939388e-01
8.423239791116361452e-01
8.418752092878802884e-01
8.414253703021363773e-01
8.409744547594886210e-01
8.405224636892505430e-01
8.400693968691371749e-01
8.396152389887284739e-01
8.391599912157724495e-01
8.387036476424357678e-01
8.382461908534190043e-01
8.377876185105185280e-01
8.373279204147697774e-01
8.368670804320368362e-01
8.364050923515709002e-01
8.359419443278020001e-01
8.354776233991929590e-01
8.350121204267614283e-01
8.345454255940405464e-01
8.340775290868234215e-01
8.336084208251647309e-01
8.331380962917828148e-01
8.326665474007162171e-01
8.321937654847669785e-01
8.317197527572733895e-01
8.312445012429425795e-01
8.307680063241201784e-01
8.302902732728681956e-01
8.298112960832429996e-01
8.293310739159575062e-01
8.288496112528908055e-01
8.283669052825352042e-01
8.278829566467211798e-01
8.273977671828786074e-01
8.269113365749111155e-01
8.264236639214711522e-01
8.259347481656226231e-01
8.254445898907623036e-01
8.249531836746786251e-01
8.244605266648995512e-01
8.239666183291025625e-01
8.234714469327182318e-01
8.229750094339890465e-01
8.224773022225186914e-01
8.219783080342997206e-01
8.214780241404670003e-01
8.209764420858798317e-01
8.204735443495936309e-01
8.199693252038423585e-01
8.194637734422657305e-01
8.189568738533522518e-01
8.184486178639904796e-01
8.179389937985528380e-01
8.174279894586872208e-01
8.169155945883458392e-01
8.164017994587073890e-01
8.158865943438188273e-01
8.153699688863619288e-01
8.148519171204258171e-01
8.143324306928640954e-01
8.138115006528741091e-01
8.132891268701819554e-01
8.127653002841188634e-01
8.122400141542595042e-01
8.117132666560439302e-01
8.111850562799330921e-01
8.106553762743545777e-01
8.101242229116939475e-01
8.095915962636196506e-01
8.090574913479862129e-01
8.085219050654228745e-01
8.079848342575565168e-01
8.074462759896904318e-01
8.069062274670688595e-01
8.063646835682618530e-01
8.058216358558413228e-01
8.052770830519362377e-01
8.047310213143620272e-01
8.041834340221308830e-01
8.036343199384359259e-01
8.030836735796379466e-01
8.025314815260119472e-01
8.019777313283392717e-01
8.014224186728684529e-01
8.008655336518241130e-01
8.003070553040320112e-01
7.997469791081587287e-01
7.991852950615542239e-01
7.986219845335981171e-01
7.980570363014458657e-01
7.974904404568345928e-01
7.969221834209208044e-01
7.963522493004401293e-01
7.957806282128512265e-01
7.952073082401721615e-01
7.946322753425467678e-01
7.940555185745872269e-01
7.934770262658679130e-01
7.928967877545746168e-01
7.923147924019019461e-01
7.917310290990049459e-01
7.911454878096407795e-01
7.905581609963956424e-01
7.899690378741275332e-01
7.893781090786282650e-01
7.887853680141191370e-01
7.881908055025825810e-01
7.875944127199852041e-01
7.869961814580176407e-01
7.863961037210831506e-01
7.857941717263943193e-01
7.851903778413034107e-01
7.845847146441138342e-01
7.839771705151453718e-01
7.833677378611088038e-01
7.827564097196687554e-01
7.821431771742847205e-01
7.815280246559751509e-01
7.809109472485332715e-01
7.802919365086212755e-01
7.796709766528684415e-01
7.790480538624970919e-01
7.784231615858601128e-01
7.777962899765107352e-01
7.771674119702720596e-01
7.765365226518947672e-01
7.759036103274412621e-01
7.752686589631853087e-01
7.746316467061727939e-01
7.739925635580116037e-01
7.733513920780495932e-01
7.727081108536210108e-01
7.720627073355166292e-01
7.714151635297561427e-01
7.707654589966462799e-01
7.701135795042177712e-01
7.694595061543163528e-01
7.688032214535628350e-01
7.681447083556867117e-01
7.674839497012536649e-01
7.668209270810423250e-01
7.661556241935670863e-01
7.654880235385976839e-01
7.648181088888091894e-01
7.641458627210433452e-01
7.634712672899984787e-01
7.627943053706571774e-01
7.621149622782499300e-01
7.614332200515888660e-01
7.607490619300448786e-01
7.600624716550241633e-01
7.593734331528532167e-01
7.586819299542423289e-01
7.579879459277203413e-01
7.572914632919223177e-01
7.565924659768575866e-01
7.558909376142846082e-01
7.551868608220069223e-01
7.544802157288812428e-01
7.537709864360572221e-01
7.530591553936478721e-01
7.523447048777469615e-01
7.516276112672924947e-01
7.509078578402335058e-01
7.501854251217225933e-01
7.494602933819101143e-01
7.487324390629412907e-01
7.480018409078239561e-01
7.472684778952048967e-01
7.465323278769223636e-01
7.457933667924884213e-01
7.450515697423072403e-01
7.443069135782479639e-01
7.435593737037893280e-01
7.428089247261779882e-01
7.420555395779134811e-01
7.412991926291712108e-01
7.405398570762105059e-01
7.397775056711728414e-01
7.390121099058959420e-01
7.382436418998309380e-01
7.374720729912912498e-01
7.366973741042560642e-01
7.359195157149740485e-01
7.351384675647180122e-01
7.343541995635922692e-01
7.335666810615870670e-01
7.327758810675132350e-01
7.319817681286054922e-01
7.311843102701609531e-01
7.303834756501300651e-01
7.295792319524758707e-01
7.287715465838611184e-01
7.279603859387848708e-01
7.271457160938590292e-01
7.263275038606273881e-01
7.255057153057578034e-01
7.246803162567905243e-01
7.238512698379889754e-01
7.230185405118300102e-01
7.221820934493975441e-01
7.213418927797964342e-01
7.204979023855193621e-01
7.196500807228849439e-01
7.187983915012622349e-01
7.179427972372329769e-01
7.170832595627673056e-01
7.162197396361974500e-01
7.153521921224791358e-01
7.144805786803013481e-01
7.136048579288741811e-01
7.127249879073315197e-01
7.118409213502190358e-01
7.109526162600913191e-01
7.100600280684330468e-01
7.091631115446408451e-01
7.082618157344421350e-01
7.073560952495843157e-01
7.064459019115985061e-01
7.055311868034471745e-01
7.046118949000099718e-01
7.036879770068055207e-01
7.027593809390667579e-01
7.018260541970920974e-01
7.008879362395971091e-01
6.999449747848270897e-01
6.989971131698297091e-01
6.980442939949139669e-01
6.970864533865481771e-01
6.961235335279842840e-01
6.951554730441175112e-01
6.941822094509131347e-01
6.932036787009732137e-01
6.922198136046421313e-01
6.912305483402464423e-01
6.902358146211897694e-01
6.892355426782541539e-01
6.882296617328662602e-01
6.872181000960525532e-01
6.862007832718619582e-01
6.851776357630414704e-01
6.841485805115533614e-01
6.831135395781776642e-01
6.820724334333907457e-01
6.810251803104084845e-01
6.799716972503178081e-01
6.789118997440268810e-01
6.778457007905652754e-01
6.767730124241375655e-01
6.756937452397570043e-01
6.746078079824336937e-01
6.735151077558689803e-01
6.724155467818094811e-01
6.713090289819612089e-01
6.701954555378654144e-01
6.690747256116507113e-01
6.679467361432140926e-01
6.668113781784866800e-01
6.656685458621312002e-01
6.645181293118795907e-01
6.633600164918935782e-01
6.621940921066611363e-01
6.610202359161033714e-01
6.598383296547620791e-01
6.586482508638809019e-01
6.574498745963165414e-01
6.562430715587929120e-01
6.550277089402951614e-01
6.538036541851394157e-01
6.525707705952688009e-01
6.513289186644717343e-01
6.500779540724126448e-01
6.488177298361010870e-01
6.475480970298002070e-01
6.462689029036942090e-01
6.449799892665455392e-01
6.436811953167411726e-01
6.423723575936659547e-01
6.410533084794879377e-01
6.397238749627125465e-01
6.383838811818881576e-01
6.370331478050339502e-01
6.356714912661566297e-01
6.342987217560152047e-01
6.329146469303965628e-01
6.315190704366128172e-01
6.301117914097951189e-01
6.286926008384997600e-01
6.272612883573807085e-01
6.258176387545831831e-01
6.243614318477198610e-01
6.228924379014072477e-01
6.214104266964692869e-01
6.199151620422236331e-01
6.184064024368658430e-01
6.168838975730835950e-01
6.153473947875922612e-01
6.137966350069066213e-01
6.122313514755000075e-01
6.106512719913431697e-01
6.090561191339270986e-01
6.074456082932913059e-01
6.058194479404679367e-01
6.041773415255068391e-01
6.025189854173503834e-01
6.008440674221419142e-01
5.991522713218025986e-01
5.974432737260331194e-01
5.957167408913541795e-01
5.939723358672907016e-01
5.922097140630978584e-01
5.904285214206185239e-01
5.886283977933249867e-01
5.868089771922616604e-01
5.849698846824140652e-01
5.831107368927376244e-01
5.812311460350334524e-01
5.793307161366476610e-01
5.774090416331074671e-01
5.754657123695624543e-01
5.735003098934746690e-01
5.715124083532389099e-01
5.695015761030407520e-01
5.674673731212080963e-01
5.654093538074622671e-01
5.633270664387632909e-01
5.612200514399797724e-01
5.590878453032799289e-01
5.569299781237136981e-01
5.547459740834321806e-01
5.525353541846957928e-01
5.502976335470408653e-01
5.480323241561672054e-01
5.457389353990557135e-01
5.434169722467763197e-01
5.410659395891436185e-01
5.386853405218910984e-01
5.362746770326929369e-01
5.338334530288713076e-01
5.313611730340496164e-01
5.288573443894356574e-01
5.263214788078021122e-01
5.237530920885538066e-01
5.211517072473930146e-01
5.185168549822821715e-01
5.158480754096887999e-01
5.131449196847409633e-01
5.104069514139770725e-01
5.076337487362224676e-01
5.048249068251979832e-01
5.019800390492051845e-01
4.990987798641715045e-01
4.961807871291312733e-01
4.932257437438201109e-01
4.902333616327381738e-01
4.872033821807249532e-01
4.841355818980976333e-01
4.810297715452014899e-01
4.778858031306405518e-01
4.747035690056359836e-01
4.714830076885306864e-01
4.682241060922667786e-01
4.649269013816234586e-01
4.615914875855773314e-01
4.582180133148570644e-01
4.548066922590091044e-01
4.513577974870489617e-01
4.478716704728036291e-01
4.443487260307951159e-01
4.407894513102331158e-01
4.371944080031053281e-01
4.335642361590034133e-01
4.298996578037475591e-01
4.262014773294738323e-01
4.224705848301831823e-01
4.187079565707145790e-01
4.149146575346754906e-01
4.110918412059209048e-01
4.072407511022270166e-01
4.033627199968333743e-01
3.994591713665874289e-01
3.955316166616533735e-01
3.915816547235792533e-01
3.876109707180818709e-01
3.836213335570018423e-01
3.796145928334455633e-01
3.755926744625939229e-01
3.715575785751619731e-01
3.675113737419508086e-01
3.634561934498337088e-01
3.593942289762803166e-01
3.553277232775605698e-01
3.512589665098364011e-01
3.471902878733162945e-01
3.431240461617750537e-01
3.390626266632991714e-01
3.350084286455431437e-01
3.309638604312473698e-01
3.269313325653018243e-01
3.229132427580626019e-01
3.189119732838677779e-01
3.149298798769795682e-01
3.109692846950889988e-01
3.070324671996613741e-01
3.031216570654725051e-01
2.992390255403361010e-01
2.953866791090763444e-01
2.915666517373922129e-01
2.877808994522658148e-01
2.840312933579226540e-01
2.803196145776967185e-01
2.766475503368490130e-01
2.730166888570349504e-01
2.694285164421406642e-01
2.658844143992462605e-01
2.623856569104578429e-01
2.589334094407524378e-01
2.555287279227638209e-01
