4.215307376706320820e-04
8.430619498625258577e-04
1.264594316074741428e-03
1.686128212018737265e-03
2.107663277399225189e-03
2.529200337735213605e-03
2.950740592340850722e-03
3.372283196239382608e-03
3.793827864277687662e-03
4.215377976394532253e-03
4.636930849167501117e-03
5.058488457486113102e-03
5.480054095019141688e-03
5.901626620699122402e-03
6.323206863094536431e-03
6.744795650773868431e-03
7.166390438488794666e-03
7.587991357113426164e-03
8.009599828435092286e-03
8.431216135898603192e-03
8.852840562948764702e-03
9.274474402339211859e-03
9.696117526367401679e-03
1.011777031390741211e-02
1.053943315215901365e-02
1.096110703477605822e-02
1.138279407216666317e-02
1.180449386014642901e-02
1.222620704276381615e-02
1.264793426406728497e-02
1.306967545757926549e-02
1.349143091384452826e-02
1.391320149150254530e-02
1.433498769962448550e-02
1.475679004728151604e-02
1.517860650766325592e-02
1.560043828056542278e-02
1.602228578757899924e-02
1.644414924483368970e-02
1.686602909813602127e-02
1.728792666470210099e-02
1.770984167054326375e-02
1.813177447423512667e-02
1.855372543435331728e-02
1.897569720276026661e-02
1.939769226194191717e-02
1.981970995748148431e-02
2.024175121434615074e-02
2.066381691455492289e-02
2.108590134652580175e-02
2.150800727253992378e-02
2.193013457794535520e-02
2.235228422013795652e-02
2.277445857873277441e-02
2.319665688074954227e-02
2.361887959205668380e-02
2.404112787057377174e-02
2.446340240604668453e-02
2.488570364287015155e-02
2.530803216071743356e-02
2.573038748274628432e-02
2.615277054871362888e-02
2.657518180978529071e-02
2.699762138451607119e-02
2.742008924252119922e-02
2.784258608727404466e-02
2.826511228057647721e-02
2.868766818423038392e-02
2.911025486007344856e-02
2.953287315145072464e-02
2.995552312723804775e-02
3.037820528774798010e-02
3.080092013329307349e-02
3.122366807651014847e-02
3.164644959872748436e-02
3.206926521831066773e-02
3.249211542203264691e-02
3.291500069666640493e-02
3.333792110709451334e-02
3.376087718439588214e-02
3.418386944052523302e-02
3.460689830944373158e-02
3.502996422511254343e-02
3.545306774362320251e-02
3.587620923554778185e-02
3.629938913355419683e-02
3.672260787787243186e-02
3.714586590873243666e-02
3.756916366636418175e-02
3.799250159099763768e-02
3.841588055520936407e-02
3.883930096730594389e-02
3.926276314405627299e-02
3.968626755670569967e-02
4.010981467649957222e-02
4.053340497468321812e-02
4.095703892250199263e-02
4.138071697510943558e-02
4.180443959056475561e-02
4.222820725354895638e-02
4.265202043348550326e-02
4.307587959979784081e-02
4.349978522190944136e-02
4.392373776924375639e-02
4.434773767146733825e-02
4.477178525695999639e-02
4.519588109484207195e-02
4.562002564495172552e-02
4.604421936712711771e-02
4.646846272120639526e-02
4.689275616702772570e-02
4.731710016442926964e-02
4.774149539048461177e-02
4.816594214065220841e-02
4.859044087722487471e-02
4.901499206391918967e-02
4.943959616445175315e-02
4.986425364253913028e-02
5.028896496189791399e-02
5.071373058624467633e-02
5.113855097929599636e-02
5.156342660476846695e-02
5.198835792637866715e-02
5.241334540784317597e-02
5.283838987836440154e-02
5.326349167935330586e-02
5.368865116042426805e-02
5.411386879451853676e-02
5.453914505457738843e-02
5.496448041354208558e-02
5.538987534435389076e-02
5.581533031995406652e-02
5.624084581328387539e-02
5.666642229728457991e-02
5.709206024489745651e-02
5.751776012906375385e-02
5.794352257952401636e-02
5.836934816049162145e-02
5.879523718588792330e-02
5.922119013514277192e-02
5.964720748768602421e-02
6.007328972294753711e-02
6.049943732035717447e-02
6.092565075934480018e-02
6.135193051934027808e-02
6.177827707977345817e-02
6.220469092007420431e-02
6.263117251967237342e-02
6.305772236744214276e-02
6.348434098169301876e-02
6.391102880673180109e-02
6.433778632296943689e-02
6.476461401081679004e-02
6.519151235068479378e-02
6.561848182298436749e-02
6.604552290812640281e-02
6.647263608652181910e-02
6.689982183858150799e-02
6.732708064471640275e-02
6.775441298533738110e-02
6.818181934085537632e-02
6.860930054926696331e-02
6.903685685300586794e-02
6.946448871152151316e-02
6.989219661217786761e-02
7.031998104233889990e-02
7.074784248936859254e-02
7.117578144063091417e-02
7.160379838348983339e-02
7.203189380530933272e-02
7.246006819345339467e-02
7.288832203528596010e-02
7.331665581817103927e-02
7.374507040547813308e-02
7.417356622493306850e-02
7.460214359581310295e-02
7.503080301613515579e-02
7.545954498391622967e-02
7.588836999717323006e-02
7.631727855392311799e-02
7.674627115218284057e-02
7.717534828996934493e-02
7.760451046529957819e-02
7.803375817619048749e-02
7.846309192065900606e-02
7.889251293427154699e-02
7.932202058687794211e-02
7.975161592227227036e-02
8.018129943975922658e-02
8.061107163932763886e-02
8.104093302165044088e-02
8.147088408808464410e-02
8.190092534067135166e-02
8.233105728213578611e-02
8.276128041588726170e-02
8.319159524601921207e-02
8.362200227730913482e-02
8.405250203489020300e-02
8.448309518092454728e-02
8.491378209062878935e-02
8.534456327586723012e-02
8.577543924935977782e-02
8.620641052468197563e-02
8.663747761626496013e-02
8.706864103939548905e-02
8.749990131021595507e-02
8.793125894572431656e-02
8.836271446377420846e-02
8.879426838307484526e-02
8.922592122319103480e-02
8.965767350454326157e-02
9.008952574840758953e-02
9.052147847691568994e-02
9.095353225383238926e-02
9.138568768880925286e-02
9.181794521699250533e-02
9.225030536755716992e-02
9.268276867067573588e-02
9.311533565751808905e-02
9.354800686025158130e-02
9.398078281204101658e-02
9.441366404704862325e-02
9.484665110043405400e-02
9.527974450835441367e-02
9.571294480796427306e-02
9.614625253741558575e-02
9.657966823585779903e-02
9.701319244343778458e-02
9.744682570129981070e-02
9.788056855648502586e-02
9.831442155515472681e-02
9.874838523630796727e-02
9.918246014534844168e-02
9.961664682868781595e-02
1.000509458337456442e-01
1.004853577089494521e-01
1.009198830037346534e-01
1.013545222685446473e-01
1.017892760548307213e-01
1.022241449150521203e-01
1.026591294026760054e-01
1.030942300721775090e-01
1.035294474790396380e-01
1.039647821797533706e-01
1.044002347318176011e-01
1.048358055484164275e-01
1.052714951983373254e-01
1.057073043181693539e-01
1.061432334636868424e-01
1.065792831914494920e-01
1.070154540588023895e-01
1.074517466238759933e-01
1.078881614455861060e-01
1.083246990836339296e-01
1.087613600985060242e-01
1.091981450514743074e-01
1.096350545045960967e-01
1.100720890207140673e-01
1.105092491634562385e-01
1.109465354972360568e-01
1.113839485872522711e-01
1.118214888815188685e-01
1.122591570003942801e-01
1.126969535376317055e-01
1.131348790579407015e-01
1.135729341266766834e-01
1.140111193098409942e-01
1.144494351740808352e-01
1.148878822866893218e-01
1.153264612156054414e-01
1.157651725294140815e-01
1.162040167973460020e-01
1.166429945892778625e-01
1.170821064757322227e-01
1.175213530278775426e-01
1.179607348175281262e-01
1.184002524171442056e-01
1.188399069046527229e-01
1.192796984965777130e-01
1.197196277539641363e-01
1.201596952645049149e-01
1.205999016170217208e-01
1.210402474014649621e-01
1.214807332089137826e-01
1.219213596315760900e-01
1.223621272627885004e-01
1.228030366970164072e-01
1.232440885298539124e-01
1.236852833580238953e-01
1.241266217793779575e-01
1.245681043928964365e-01
1.250097317986884060e-01
1.254515046986489357e-01
1.258934245038080824e-01
1.263354911362319088e-01
1.267777052230399659e-01
1.272200673933674420e-01
1.276625782783652185e-01
1.281052385111998981e-01
1.285480487270536931e-01
1.289910095631245368e-01
1.294341216586260279e-01
1.298773856547874028e-01
1.303208021948536743e-01
1.307643719240854097e-01
1.312080954897589524e-01
1.316519735411662839e-01
1.320960067296150231e-01
1.325401969237709754e-01
1.329845508269407450e-01
1.334290702942222406e-01
1.338737573659404823e-01
1.343186010602983593e-01
1.347635904347662950e-01
1.352087217510654360e-01
1.356540004123613363e-01
1.360994316756361511e-01
1.365450260462354737e-01
1.369907901687323903e-01
1.374367265826128282e-01
1.378828372924013612e-01
1.383291173770080096e-01
1.387755629343825070e-01
1.392221693884690692e-01
1.396689339835222865e-01
1.401158564180488009e-01
1.405629426494874323e-01
1.410101933737909208e-01
1.414576155921627165e-01
1.419052093893152788e-01
1.423529771550912926e-01
1.428009178204961982e-01
1.432490312483413741e-01
1.436973151578075647e-01
1.441457705326480987e-01
1.445943974598074833e-01
1.450431959663502912e-01
1.454921667230059668e-01
1.459413123468705220e-01
1.463906315686334392e-01
1.468401294219892905e-01
1.472898044626999581e-01
1.477396559955967970e-01
1.481896867321447486e-01
1.486398978620231681e-01
1.490902879223547084e-01
1.495408555322121635e-01
1.499916095828894291e-01
1.504425432914739402e-01
1.508936572993694047e-01
1.513449547668924977e-01
1.517964353095878349e-01
1.522480998180328893e-01
1.526999491828053002e-01
1.531519842307194068e-01
1.536042058611878647e-01
1.540566149623265324e-01
1.545092124152170898e-01
1.549619983322554906e-01
1.554149733777809572e-01
1.558681385259823859e-01
1.563214945058316874e-01
1.567750417381798822e-01
1.572287806473166849e-01
1.576827120805768812e-01
1.581368366800204039e-01
1.585911553097472393e-01
1.590456690435389786e-01
1.595003782228344991e-01
1.599552835358152014e-01
1.604103856706624864e-01
1.608656853155577549e-01
1.613211831679311481e-01
1.617768808702050587e-01
1.622327785734241634e-01
1.626888770239010018e-01
1.631451769679481689e-01
1.636016791518782321e-01
1.640583843220037585e-01
1.645152931199949375e-01
1.649724062911411548e-01
1.654297246093906770e-01
1.658872488113168342e-01
1.663449796334929287e-01
1.668029178124923462e-01
1.672610640520606762e-01
1.677194190359174997e-01
1.681779835389143607e-01
1.686367582914598817e-01
1.690957440239626852e-01
1.695549414668314214e-01
1.700143513811730178e-01
1.704739752340658776e-01
1.709338132140305333e-01
1.713938660718299922e-01
1.718541345582273172e-01
1.723146194239855433e-01
1.727753214198676501e-01
1.732362412966367282e-01
1.736973798050557849e-01
1.741587376958878552e-01
1.746203157312576915e-01
1.750821157723181365e-01
1.755441377701346950e-01
1.760063825046296604e-01
1.764688507557253538e-01
1.769315433033440410e-01
1.773944609274080708e-01
1.778576044078397367e-01
1.783209745245613320e-01
1.787845720574951780e-01
1.792483977865635958e-01
1.797124531024936744e-01
1.801767383639711340e-01
1.806412543554771211e-01
1.811060018730955568e-01
1.815709817129104175e-01
1.820361946710056245e-01
1.825016415434651540e-01
1.829673231263729272e-01
1.834332402158129482e-01
1.838993936078690827e-01
1.843657855882326335e-01
1.848324148625380137e-01
1.852992831788801142e-01
1.857663913389569210e-01
1.862337401467621112e-01
1.867013304085850534e-01
1.871691629330108075e-01
1.876372385309200419e-01
1.881055580154892271e-01
1.885741222021904140e-01
1.890429326950516797e-01
1.895119898681389969e-01
1.899812945175657075e-01
1.904508475082375696e-01
1.909206497094391164e-01
1.913907019948337396e-01
1.918610052424638002e-01
1.923315603347504343e-01
1.928023681584936366e-01
1.932734296048723155e-01
1.937447455694442100e-01
1.942163167817536340e-01
1.946881441490163345e-01
1.951602286495585648e-01
1.956325711836539305e-01
1.961051726552829333e-01
1.965780339721330261e-01
1.970511560455985856e-01
1.975245397907809120e-01
1.979981861264882292e-01
1.984720959752356850e-01
1.989462702632453783e-01
1.994207097671637785e-01
1.998954152138717466e-01
2.003703877459501459e-01
2.008456282837785545e-01
2.013211377503426880e-01
2.017969170712342053e-01
2.022729671746508473e-01
2.027492889913964647e-01
2.032258834548807958e-01
2.037027515011197998e-01
2.041798940687353514e-01
2.046573120932676237e-01
2.051350064578886523e-01
2.056129781527150646e-01
2.060912281237005927e-01
2.065697573192378234e-01
2.070485666901582811e-01
2.075276571897324285e-01
2.080070297736696106e-01
2.084866854001180825e-01
2.089666250296650374e-01
2.094468496253365508e-01
2.099273601525976640e-01
2.104081579831632298e-01
2.108892439166038246e-01
2.113706188724431834e-01
2.118522838491019855e-01
2.123342398486464944e-01
2.128164878767881962e-01
2.132990289428839392e-01
2.137818640599360165e-01
2.142649942445919997e-01
2.147484205171448779e-01
2.152321439015329740e-01
2.157161655702632685e-01
2.162004865887462435e-01
2.166851078976732292e-01
2.171700305455501190e-01
2.176552555849994020e-01
2.181407840727602188e-01
2.186266170696882782e-01
2.191127556407558852e-01
2.195992008550519681e-01
2.200859537857821346e-01
2.205730155102685330e-01
2.210603871099499074e-01
2.215480696703816810e-01
2.220360635351156797e-01
2.225243700977625194e-01
2.230129905995026640e-01
2.235019261072884178e-01
2.239911776905521568e-01
2.244807464212063841e-01
2.249706333736435082e-01
2.254608396247361202e-01
2.259513662538367995e-01
2.264422143427781420e-01
2.269333849758728427e-01
2.274248792399136132e-01
2.279166982199581359e-01
2.284088428105214286e-01
2.289013142493119823e-01
2.293941136259736446e-01
2.298872420322883303e-01
2.303807005621759385e-01
2.308744903116942970e-01
2.313686123790393290e-01
2.318630678645448862e-01
2.323578578706828879e-01
2.328529835020631544e-01
2.333484458654336013e-01
2.338442460696800729e-01
2.343403856215688641e-01
2.348368666998088272e-01
2.353336895670224416e-01
2.358308554281471070e-01
2.363283654952552659e-01
2.368262209875543201e-01
2.373244231313866581e-01
2.378229731602297115e-01
2.383218723146958151e-01
2.388211218425323745e-01
2.393207229986217266e-01
2.398206773557483296e-01
2.403209861207542819e-01
2.408216505218038761e-01
2.413226718750846322e-01
2.418240515060676998e-01
2.423257907495078578e-01
2.428278909494434867e-01
2.433303534591966244e-01
2.438331794328387758e-01
2.443363681691065881e-01
2.448399223221600640e-01
2.453438431067140879e-01
2.458481317347229189e-01
2.463527894153802467e-01
2.468578173551190802e-01
2.473632167576118590e-01
2.478689888237703698e-01
2.483751344720564191e-01
2.488816546524919016e-01
2.493885508141570062e-01
2.498958241221179988e-01
2.504034757414411172e-01
2.509115068371927659e-01
2.514199185744391274e-01
2.519287121182464673e-01
2.524378906251843468e-01
2.529474544711239892e-01
2.534574047619339576e-01
2.539677428029221140e-01
2.544784698993960981e-01
2.549895873566637161e-01
2.555010986795644978e-01
2.560130056183995140e-01
2.565253086712221964e-01
2.570380093762524298e-01
2.575511092717102657e-01
2.580646098958156998e-01
2.585785123774295702e-01
2.590928175754737550e-01
2.596075275121383363e-01
2.601226436463452418e-01
2.606381674370161772e-01
2.611541003430731256e-01
2.616704435835058296e-01
2.621871960400288248e-01
2.627043606688073130e-01
2.632219387494958984e-01
2.637399315617491302e-01
2.642583403852216128e-01
2.647771664995679508e-01
2.652964118029872420e-01
2.658160773839338131e-01
2.663361644731813138e-01
2.668566743971085287e-01
2.673776084820939647e-01
2.678989680545164065e-01
2.684207565124706041e-01
2.689429759727439695e-01
2.694656267930238269e-01
2.699887105412843713e-01
2.705122287854999086e-01
2.710361830936447447e-01
2.715605756027133499e-01
2.720854091474789738e-01
2.726106844431946952e-01
2.731364031876263310e-01
2.736625670785396980e-01
2.741891778137005575e-01
2.747162370285392563e-01
2.752437449361440081e-01
2.757717040768537520e-01
2.763001160520897059e-01
2.768289824632731433e-01
2.773583049118253929e-01
2.778880849991676727e-01
2.784183230375737450e-01
2.789490209001709853e-01
2.794801803618451319e-01
2.800118029191615010e-01
2.805438900686852421e-01
2.810764433069816715e-01
2.816094641003125121e-01
2.821429539271983478e-01
2.826769143020071984e-01
2.832113467173812404e-01
2.837462526659627615e-01
2.842816336403939381e-01
2.848174921978176566e-01
2.853538330400241518e-01
2.858906555964647045e-01
2.864279616535930217e-01
2.869657529978628663e-01
2.875040314157278898e-01
2.880427986936417994e-01
2.885820596934461357e-01
2.891218144988681460e-01
2.896620650794300422e-01
2.902028134099162715e-01
2.907440614651113364e-01
2.912858112197997396e-01
2.918280635961727487e-01
2.923708206731241988e-01
2.929140846334470361e-01
2.934578573593416007e-01
2.940021407330081771e-01
2.945469366366471609e-01
2.950922456282945583e-01
2.956380684574826945e-01
2.961844079769935245e-01
2.967312658768836986e-01
2.972786438472097559e-01
2.978265435780283465e-01
2.983749668415278666e-01
2.989239156716150259e-01
2.994733915455315421e-01
3.000233961818615236e-01
3.005739312991890788e-01
3.011249986160983161e-01
3.016765998511732882e-01
3.022287411523913447e-01
3.027814220908362497e-01
3.033346444756688243e-01
3.038884103144614546e-01
3.044427216147863602e-01
3.049975803842158717e-01
3.055529913555919963e-01
3.061089566168223031e-01
3.066654774399831251e-01
3.072225560931421962e-01
3.077801948443675273e-01
3.083383959617268522e-01
3.088971615805044535e-01
3.094564938123492981e-01
3.100163950466095497e-01
3.105768675294997005e-01
3.111379135072342983e-01
3.116995352260278906e-01
3.122617344768496839e-01
3.128245107233036393e-01
3.133878678794315698e-01
3.139518079798904182e-01
3.145163330593371276e-01
3.150814451524287518e-01
3.156471462938222894e-01
3.162134374958315841e-01
3.167803212105040900e-01
3.173477994959477688e-01
3.179158743155443001e-01
3.184845476326752522e-01
3.190538214107223047e-01
3.196236991998928634e-01
3.201941834314396829e-01
3.207652756082399748e-01
3.213369779266919690e-01
3.219092925831940621e-01
3.224822239066130192e-01
3.230557769001892732e-01
3.236299520950442488e-01
3.242047521811742272e-01
3.247801798485756009e-01
3.253562380775237850e-01
3.259329308053370289e-01
3.265102600829072332e-01
3.270882287400864730e-01
3.276668396067267675e-01
3.282460954936460840e-01
3.288259958893957613e-01
3.294065452124138038e-01
3.299877460075179014e-01
3.305696008195256330e-01
3.311521121932545775e-01
3.317352800138958502e-01
3.323191071962895426e-01
3.329035964972879569e-01
3.334887501652253339e-01
3.340745704484356371e-01
3.346610586214436855e-01
3.352482163556322892e-01
3.358360461619352422e-01
3.364245500710318915e-01
3.370137310843220324e-01
3.376035946493180506e-01
3.381941414424542991e-01
3.387853740370138089e-01
3.393772950062793892e-01
3.399699126295154250e-01
3.405632278875854180e-01
3.411572437880594499e-01
3.417519636304583996e-01
3.423473920710412566e-01
3.429435331300861312e-01
3.435403897737435708e-01
3.441379655954490691e-01
3.447362635652988505e-01
3.453352852682288199e-01
3.459350350964802145e-01
3.465355163165138030e-01
3.471367321947904649e-01
3.477386807525774115e-01
3.483413668514966921e-01
3.489447933055029871e-01
3.495489627275745192e-01
3.501538758429917353e-01
3.507595343716881087e-01
3.513659413474722881e-01
3.519730989866904358e-01
3.525810100258251478e-01
3.531896782188967410e-01
3.537991051685083210e-01
3.544092933478755203e-01
3.550202452302138045e-01
3.556319698960240250e-01
3.562444676489609496e-01
3.568577415973591682e-01
3.574717950204515104e-01
3.580866351960156346e-01
3.587022670737697871e-01
3.593186931283088859e-01
3.599359174542680062e-01
3.605539446832136674e-01
3.611727803688445926e-01
3.617924280212587718e-01
3.624128919854583963e-01
3.630341766064456577e-01
3.636562821602845053e-01
3.642792144235843521e-01
3.649029773113184882e-01
3.655275746823375971e-01
3.661530061415029791e-01
3.667792739945461844e-01
3.674063828683110655e-01
3.680343357791829861e-01
3.686631345603877952e-01
3.692927792685145594e-01
3.699232741103247735e-01
3.705546215799294107e-01
3.711868241714393890e-01
3.718198860155104701e-01
3.724538092193477867e-01
3.730885965540829963e-01
3.737242528739153080e-01
3.743607830681652815e-01
3.749981895549616695e-01
3.756364763441772947e-01
3.762756535380766820e-01
3.769157231117504225e-01
3.775566898087886480e-01
3.781985615882634821e-01
3.788413451297296120e-01
3.794850449761507649e-01
3.801296669593464128e-01
3.807752175004846529e-01
3.814217021494207827e-01
3.820691267630155208e-01
3.827174941646468986e-01
3.833668093174658065e-01
3.840170780169607778e-01
3.846683035548364438e-01
3.853204848101330904e-01
3.859736282807605945e-01
3.866277376633508456e-01
3.872828097763345023e-01
3.879388479225437392e-01
3.885958552096615559e-01
3.892538336570915414e-01
3.899127850010860041e-01
3.905727114763056229e-01
3.912336165176322766e-01
3.918955039738707402e-01
3.925583759313720500e-01
3.932222394698373091e-01
3.938871001005578298e-01
3.945529610957445033e-01
3.952198328833216867e-01
3.958877211356273129e-01
3.965566313684487088e-01
3.972265752053578125e-01
3.978975583435623298e-01
3.985695884087084861e-01
3.992426743955528878e-01
3.999168236407889543e-01
4.005920434270572872e-01
4.012683394786977220e-01
4.019457198165342637e-01
4.026241895610541133e-01
4.033037519821310313e-01
4.039844144394134640e-01
4.046661791372017647e-01
4.053490483918202880e-01
4.060330278190639186e-01
4.067181176487840721e-01
4.074043203790457812e-01
4.080916396240760746e-01
4.087800761764689983e-01
4.094696327440369710e-01
4.101603118294309680e-01
4.108521177504999011e-01
4.115450525941123927e-01
4.122391200448254356e-01
4.129343281553914946e-01
4.136306792450094028e-01
4.143281797846488090e-01
4.150268401385608374e-01
4.157266641396942242e-01
4.164276612757617513e-01
4.171298424283134687e-01
4.178332137260628576e-01
4.185377863171457213e-01
4.192435704079208736e-01
4.199505743059946949e-01
4.206588082468827317e-01
4.213682817261946711e-01
4.220790041610561483e-01
4.227909821044583683e-01
4.235042252889774650e-01
4.242187420522968155e-01
4.249345354076570769e-01
4.256516147413839102e-01
4.263699856586170012e-01
4.270896483895634255e-01
4.278106108513587413e-01
4.285328763971447130e-01
4.292564463287111831e-01
4.299813261373163775e-01
4.307075187248550763e-01
4.314350269314051745e-01
4.321638546697105787e-01
4.328940068006704167e-01
4.336254874616879973e-01
4.343583003036615708e-01
4.350924540851921485e-01
4.358279532516372012e-01
4.365648029150703824e-01
4.373030160682127576e-01
4.380425971947154440e-01
4.387835544962266909e-01
4.395259022577202579e-01
4.402696469448509342e-01
4.410147991970949088e-01
4.417613728579584120e-01
4.425093766205358548e-01
4.432588222189763894e-01
4.440097220609635076e-01
4.447620866045273735e-01
4.455159267380442989e-01
4.462712534211254467e-01
4.470280778288532875e-01
4.477864082213450225e-01
4.485462548293945861e-01
4.493076282636551677e-01
4.500705333163496080e-01
4.508349803220277341e-01
4.516009778567833810e-01
4.523685291590949786e-01
4.531376436279280773e-01
4.539083278924534448e-01
4.546805856954281300e-01
4.554544247958067227e-01
4.562298510923002981e-01
4.570068698489216930e-01
4.577854875416722535e-01
4.585657110021228444e-01
4.593475471823807998e-01
4.601310021551986984e-01
4.609160853755994713e-01
4.617028049174692339e-01
4.624911675974697212e-01
4.632811865679455354e-01
4.640728701712708015e-01
4.648662271184060280e-01
4.656612739057617301e-01
4.664580188989692622e-01
4.672564737697080806e-01
4.680566554390532819e-01
4.688585742111396337e-01
4.696622435945995711e-01
4.704676794932567963e-01
4.712748941050611262e-01
4.720839015004009709e-01
4.728947161512836450e-01
4.737073515062853457e-01
4.745218208006525273e-01
4.753381373589429248e-01
4.761563149661194316e-01
4.769763649325459709e-01
4.777983000416855530e-01
4.786221335147408662e-01
4.794478734633320638e-01
4.802755333178603814e-01
4.811051252264930134e-01
4.819366584984815516e-01
4.827701423081994236e-01
4.836055890084123288e-01
4.844430092250456288e-01
4.852824113714737098e-01
4.861238069411471518e-01
4.869672063664444162e-01
4.878126201779581783e-01
4.886600588343255613e-01
4.895095327718815836e-01
4.903610539040936245e-01
4.912146362421993540e-01
4.920702895191072512e-01
4.929280250934404140e-01
4.937878622409362928e-01
4.946498109155704204e-01
4.955138837482492287e-01
4.963800983610300310e-01
4.972484719053701929e-01
4.981190166025915023e-01
4.989917482374560120e-01
4.998666896114251634e-01
5.007438534141455122e-01
5.016232558577191636e-01
5.025049186996841666e-01
5.033888591961978021e-01
5.042750938987562437e-01
5.051636418050922117e-01
5.060545235272968512e-01
5.069477560079135303e-01
5.078433576122896032e-01
5.087413482012161925e-01
5.096417458011808232e-01
5.105445690385047586e-01
5.114498360281312106e-01
5.123575650040861351e-01
5.132677746401520524e-01
5.141804830523536429e-01
5.150957068621735413e-01
5.160134649308845134e-01
5.169337753301533889e-01
5.178566544468768962e-01
5.187821204830684874e-01
5.197101915410126116e-01
5.206408854483621784e-01
5.215742200214478208e-01
5.225102130645969956e-01
5.234488824112840666e-01
5.243902458833838987e-01
5.253343242449205475e-01
5.262811357142740398e-01
5.272306982177412671e-01
5.281830311310207193e-01
5.291381584785070924e-01
5.300960972461674636e-01
5.310568669398574304e-01
5.320204922195417296e-01
5.329869966004490145e-01
5.339563988001903017e-01
5.349287199390689862e-01
5.359039931718990735e-01
5.368822366289112136e-01
5.378634732692054721e-01
5.388477292490660986e-01
5.398350349948284332e-01
5.408254129095407814e-01
5.418188907848170421e-01
5.428154994344650541e-01
5.438152636934171502e-01
5.448182124420389849e-01
5.458243765361088240e-01
5.468337826882236907e-01
5.478464611531683737e-01
5.488624414410595564e-01
5.498817529920623226e-01
5.509044255768859033e-01
5.519304901186744550e-01
5.529599762848030897e-01
5.539929148618584209e-01
5.550293359766041990e-01
5.560692709554124757e-01
5.571127515565962307e-01
5.581598094323657611e-01
5.592104746444105379e-01
5.602647799209116153e-01
5.613227573895966938e-01
5.623844390853942610e-01
5.634498571836279446e-01
5.645190444331458224e-01
5.655920336163127171e-01
5.666688590360288158e-01
5.677495540141219710e-01
5.688341523888741369e-01
5.699226890616447827e-01
5.710152011275011485e-01
5.721117230016616872e-01
5.732122906604839585e-01
5.743169405355241786e-01
5.754257139006696553e-01
5.765386471165356852e-01
5.776557789902645457e-01
5.787771488812387677e-01
5.799027994755096005e-01
5.810327720727236356e-01
5.821671081737089803e-01
5.833058505469838062e-01
5.844490438620315587e-01
5.855967338728869098e-01
5.867489653910059610e-01
5.879057848001807418e-01
5.890672395617810864e-01
5.902333789285925114e-01
5.914042514875755829e-01
5.925799072385182775e-01
5.937603970285334487e-01
5.949457732208580651e-01
5.961360881922810329e-01
5.973313954732460962e-01
5.985317494663451310e-01
5.997372054857571522e-01
6.009478200049236385e-01
6.021636499321632030e-01
6.033847532157904370e-01
6.046111886784387712e-01
6.058430161291286087e-01
6.070802964275925362e-01
6.083230909543404508e-01
6.095714621244565645e-01
6.108254732378352037e-01
6.120851891098263442e-01
6.133506755084591200e-01
6.146219982774594470e-01
6.158992245923647912e-01
6.171824225498985239e-01
6.184716632869057262e-01
6.197670175639919954e-01
6.210685562994536779e-01
6.223763520808450744e-01
6.236904785024403042e-01
6.250110146787801746e-01
6.263380360290262683e-01
6.276716198494942667e-01
6.290118450731130295e-01
6.303587919335925660e-01
6.317125473016532711e-01
6.330731928451099888e-01
6.344408138593875535e-01
6.358154971336221761e-01
6.371973352036943705e-01
6.385864169527982748e-01
6.399828346124010192e-01
6.413866820919830181e-01
6.427980596003095570e-01
6.442170634717613309e-01
6.456437937339211119e-01
6.470783522892211703e-01
6.485208478885049477e-01
6.499713852236309597e-01
6.514300730301727516e-01
6.528970216693347206e-01
6.543723503694093280e-01
6.558561721101571207e-01
6.573486053953516706e-01
6.588497709120485490e-01
6.603597970038275200e-01
6.618788078960760046e-01
6.634069327942783145e-01
6.649443036287449038e-01
6.664910555409024884e-01
6.680473284658293709e-01
6.696132628520771179e-01
6.711890033971120717e-01
6.727746981680251537e-01
6.743704982009797178e-01
6.759765574597101923e-01
6.775930347636569540e-01
6.792200920912335738e-01
6.808578951972374949e-01
6.825066130069942227e-01
6.841664183892580686e-01
6.858374888851043183e-01
6.875200057436577916e-01
6.892141543592487096e-01
6.909201253142719379e-01
6.926381129211329757e-01
6.943683157853900445e-01
6.961109373174166892e-01
6.978661856151233689e-01
6.996342769329930711e-01
7.014154289756981964e-01
7.032098655874303716e-01
7.050178161225738593e-01
7.068395157780279492e-01
7.086752096211859087e-01
7.105251432051853389e-01
7.123895702191531676e-01
7.142687506499164618e-01
7.161629521180225000e-01
7.180724518786310018e-01
7.199975294882994259e-01
7.219384736191027940e-01
7.238955803896593988e-01
7.258691555919623006e-01
7.278595139955533755e-01
7.298669753461245469e-01
7.318918694169005423e-01
7.339345347438837042e-01
7.359953211079018898e-01
7.380745873592421402e-01
7.401727008172035438e-01
7.422900396408551593e-01
7.444269949653565810e-01
7.465839679430993359e-01
7.487613700551298823e-01
7.509596251311261295e-01
7.531791711234098186e-01
7.554204574634568736e-01
7.576839461027371492e-01
7.599701127580417159e-01
7.622794496944382825e-01
7.646124616906327942e-01
7.669696681718364273e-01
7.693516042284730405e-01
7.717588255130258812e-01
7.741919004295642059e-01
7.766514148338795609e-01
7.791379726876520584e-01
7.816522023320897627e-01
7.841947457491148521e-01
7.867662659351343235e-01
7.893674466829559977e-01
7.919989976939647569e-01
7.946616470321909986e-01
7.973561469603301921e-01
8.000832763517380375e-01
8.028438385831577762e-01
8.056386620109932117e-01
8.084686033963317531e-01
8.113345484608149860e-01
8.142374102757351517e-01
8.171781329635691149e-01
8.201576947578959054e-01
8.231771029178798216e-01
8.262373990792604150e-01
8.293396648699317142e-01
8.324850132854830775e-01
8.356745960610989510e-01
8.389096076504146682e-01
8.421912819301197173e-01
8.455208932887863238e-01
8.488997626305601063e-01
8.523292583648610643e-01
8.558107922830413550e-01
8.593458268106775044e-01
8.629358790666831203e-01
8.665825154668947983e-01
8.702873593046862588e-01
8.740520916499670001e-01
8.778784512126595052e-01
8.817682407144769030e-01
8.857233251537888208e-01
8.897456352726713646e-01
8.938371730931347070e-01
8.980000086701885875e-01
9.022362870284758030e-01
9.065482306483612085e-01
9.109381383835175594e-01
9.154083933680410290e-01
9.199614622062168845e-01
9.245998978714233818e-01
9.293263467901731190e-01
9.341435457074229731e-01
9.390543289087541767e-01
9.440616316353706017e-01
9.491684895293722724e-01
9.543780458091805086e-01
9.596935525070793283e-01
9.651183729469237083e-01
9.706559877559574057e-01
9.763099948310579590e-01
9.820841143027974063e-01
9.879821913438927572e-01
9.940081993301450591e-01
1.000166243552280010e+00
1.006460563778665662e+00
1.012895536056899415e+00
1.019475677260679003e+00
1.026205646280814010e+00
1.033090246363208786e+00
1.040134428891112073e+00
1.047343292265508596e+00
1.054722088172311611e+00
1.062276216652802807e+00
1.070011235063016208e+00
1.077932849743576060e+00
1.086046924753446108e+00
1.094359475403115400e+00
1.102876669321233072e+00
1.111604828102178866e+00
1.120550417130367293e+00
1.129720055919304134e+00
1.139120496929050264e+00
1.148758643025470150e+00
1.158641528006950638e+00
1.168776305345116340e+00
1.179170251051928187e+00
1.189830757456261434e+00
1.200765321211821890e+00
1.211981529891623000e+00
1.223487055698804005e+00
1.235289639181716748e+00
1.247397078968581541e+00
1.259817213353026988e+00
1.272557907662442478e+00
1.285627034014896974e+00
1.299032455555426457e+00
1.312782001000047938e+00
1.326883449675891669e+00
1.341344507086573490e+00
1.356172778941082457e+00
1.371375747266849965e+00
1.386960745401825568e+00
1.402934934934711553e+00
1.419305271605173502e+00
1.436078481790354022e+00
1.453261027960389251e+00
1.470859085535875632e+00
1.488878514084070126e+00
1.507324819561554730e+00
1.526203129779395651e+00
1.545518175076210365e+00
1.565274240157374930e+00
1.585475156941765107e+00
1.606124263713920364e+00
1.627224371993285512e+00
1.648777775226919262e+00
1.670786198983859938e+00
1.693250794523363689e+00
1.716172114913439684e+00
1.739550105326211904e+00
1.763384086435407339e+00
1.787672750987904235e+00
1.812414152435046555e+00
1.837605707418475731e+00
1.863244190332078443e+00
1.889325744062254175e+00
1.915845885907544677e+00
1.942799512740619239e+00
1.970180921593516876e+00
1.997983823088796074e+00
2.026201363531992428e+00
2.054826147944127435e+00
2.083850266745959523e+00
2.113265323980404009e+00
