9.999998222992660946e-01
9.999992785340228174e-01
9.999983900898120615e-01
9.999971462604874128e-01
9.999955470510635269e-01
9.999935924528520204e-01
9.999912824528368605e-01
9.999886170641196781e-01
9.999855962956357702e-01
9.999822200783782256e-01
9.999784884732906276e-01
9.999744014521934066e-01
9.999699589669898137e-01
9.999651610382159772e-01
9.999600076564729711e-01
9.999544988127414546e-01
9.999486344901559187e-01
9.999424146787547762e-01
9.999358393721035076e-01
9.999289085613716210e-01
9.999216222381082098e-01
9.999139803777346014e-01
9.999059829792840137e-01
9.998976300338842105e-01
9.998889215329066493e-01
9.998798574406467798e-01
9.998704376712230779e-01
9.998606622529774279e-01
9.998505311671754825e-01
9.998400443954634786e-01
9.998292018639562961e-01
9.998180035272462574e-01
9.998064493850113976e-01
9.997945394098033400e-01
9.997822735745550693e-01
9.997696519063549170e-01
9.997566743642513076e-01
9.997433409241769375e-01
9.997296515668029349e-01
9.997156062842044166e-01
9.997012051106539676e-01
9.996864480044470591e-01
9.996713349546170191e-01
9.996558659505785371e-01
9.996400408143600869e-01
9.996238593807734718e-01
9.996073217145000633e-01
9.995904277650626835e-01
9.995731774834512029e-01
9.995555709870695971e-01
9.995376081803256652e-01
9.995192890404556163e-01
9.995006135292110461e-01
9.994815815876766374e-01
9.994621932039891021e-01
9.994424483483318467e-01
9.994223468856950898e-01
9.994018887528859363e-01
9.993810739245290176e-01
9.993599023481807286e-01
9.993383739971648527e-01
9.993164888111635280e-01
9.992942467419843044e-01
9.992716477810342779e-01
9.992486919376630805e-01
9.992253791350961256e-01
9.992017093372262959e-01
9.991776825083350522e-01
9.991532985498177144e-01
9.991285573832131561e-01
9.991034590004526095e-01
9.990780033548603001e-01
9.990521904001512521e-01
9.990260199978321376e-01
9.989994920823574986e-01
9.989726066276906069e-01
9.989453635748204441e-01
9.989177628651296770e-01
9.988898044518130792e-01
9.988614882758410918e-01
9.988328142790959818e-01
9.988037824059656788e-01
9.987743926012323525e-01
9.987446447554866324e-01
9.987145388426371673e-01
9.986840748092322695e-01
9.986532525988365272e-01
9.986220721554106561e-01
9.985905334233121655e-01
9.985586363472951366e-01
9.985263807340367670e-01
9.984937665393236461e-01
9.984607937486552620e-01
9.984274622984519176e-01
9.983937721255342623e-01
9.983597231671222927e-01
9.983253153608366848e-01
9.982905485487864050e-01
9.982554225908130130e-01
9.982199375058331547e-01
9.981840932222239005e-01
9.981478896687657754e-01
9.981113267746433149e-01
9.980744044694449535e-01
9.980371226546165264e-01
9.979994811592883819e-01
9.979614799858586016e-01
9.979231190586608236e-01
9.978843983024352493e-01
9.978453176423294213e-01
9.978058770038984449e-01
9.977660763131056543e-01
9.977259151030145601e-01
9.976853935980530830e-01
9.976445117209786773e-01
9.976032693923817529e-01
9.975616665332637245e-01
9.975197030650375662e-01
9.974773789095280341e-01
9.974346939889719987e-01
9.973916482260190008e-01
9.973482415437311399e-01
9.973044738655844066e-01
9.972603451154677945e-01
9.972158546980370852e-01
9.971710027119662367e-01
9.971257892446511173e-01
9.970802142085510855e-01
9.970342775165442761e-01
9.969879790819269338e-01
9.969413188184148567e-01
9.968942966401430628e-01
9.968469124616663457e-01
9.967991661979600515e-01
9.967510577644199676e-01
9.967025870768629892e-01
9.966537536686569387e-01
9.966045572336624803e-01
9.965549980773075189e-01
9.965050761012896885e-01
9.964547912077332814e-01
9.964041432991899150e-01
9.963531322786386424e-01
9.963017580494868408e-01
9.962500205155703226e-01
9.961979195811538901e-01
9.961454551509320021e-01
9.960926271300289958e-01
9.960394352750204794e-01
9.959858788786439820e-01
9.959319584014271198e-01
9.958776737347804220e-01
9.958230247705504024e-01
9.957680114010201144e-01
9.957126335189097066e-01
9.956568910173767550e-01
9.956007837900170410e-01
9.955443117308647727e-01
9.954874747343931407e-01
9.954302726955149838e-01
9.953727055095832332e-01
9.953147722953129550e-01
9.952564734661988322e-01
9.951978089645103775e-01
9.951387786722976081e-01
9.950793824720571834e-01
9.950196202467330719e-01
9.949594918797167731e-01
9.948989972548482053e-01
9.948381362564158170e-01
9.947769087691578083e-01
9.947153146782621302e-01
9.946533538693669296e-01
9.945910256475485323e-01
9.945283299916063413e-01
9.944652670483260515e-01
9.944018366887400484e-01
9.943380387843390178e-01
9.942738732070718344e-01
9.942093398293468942e-01
9.941444385240320036e-01
9.940791691644553785e-01
9.940135316244060881e-01
9.939475257781350548e-01
9.938811515003549424e-01
9.938144070884029624e-01
9.937472948315608789e-01
9.936798134383412195e-01
9.936119627826256462e-01
9.935437427372997288e-01
9.934751531742532782e-01
9.934061939643822337e-01
9.933368649775892179e-01
9.932671660827850912e-01
9.931970971478897292e-01
9.931266580398333543e-01
9.930558486245575356e-01
9.929846686794636668e-01
9.929131173741988503e-01
9.928411951576089356e-01
9.927689018723789838e-01
9.926962373594541145e-01
9.926232014580415042e-01
9.925497940056119406e-01
9.924760148379008218e-01
9.924018637889107097e-01
9.923273406909119965e-01
9.922524453744451245e-01
9.921771776683220301e-01
9.921015373996275866e-01
9.920255243937218248e-01
9.919491384742407103e-01
9.918723794630988078e-01
9.917952472340548775e-01
9.917177417182799770e-01
9.916398626148779094e-01
9.915616097436358300e-01
9.914829829228122282e-01
9.914039819691388145e-01
9.913246066978215199e-01
9.912448569225428274e-01
9.911647324554632155e-01
9.910842331072227118e-01
9.910033586869428923e-01
9.909221090022281020e-01
9.908404838591681196e-01
9.907584830623387129e-01
9.906761064148044138e-01
9.905933537181196291e-01
9.905102249847367313e-01
9.904267201441530055e-01
9.903428387706201264e-01
9.902585806713266603e-01
9.901739456524109029e-01
9.900889335189624330e-01
9.900035440750235560e-01
9.899177771235909695e-01
9.898316324666174282e-01
9.897451099050131873e-01
9.896582092386480012e-01
9.895709302663525664e-01
9.894832727859198540e-01
9.893952365941074412e-01
9.893068214866385102e-01
9.892180272582040690e-01
9.891288536481485094e-01
9.890393004525831477e-01
9.889493674915510457e-01
9.888590545534858833e-01
9.887683614257150033e-01
9.886772878944612986e-01
9.885858337448450994e-01
9.884939987608856171e-01
9.884017827255034971e-01
9.883091854205215965e-01
9.882162066266676481e-01
9.881228461235758154e-01
9.880291036897884682e-01
9.879349791027579597e-01
9.878404721388486243e-01
9.877455825733387762e-01
9.876503099030622401e-01
9.875546540271921137e-01
9.874586147793864566e-01
9.873621919220907373e-01
9.872653852163495447e-01
9.871681944218083649e-01
9.870706192967159120e-01
9.869726595979267936e-01
9.868743150809026199e-01
9.867755854997151133e-01
9.866764706070476620e-01
9.865769701541978742e-01
9.864770838910796869e-01
9.863768115662253644e-01
9.862761529267879412e-01
9.861751077185433312e-01
9.860736760780167698e-01
9.859718574706640704e-01
9.858696516277374311e-01
9.857670582993163233e-01
9.856640772344846813e-01
9.855607081813336778e-01
9.854569508869632788e-01
9.853528050974841301e-01
9.852482705580205558e-01
9.851433470127115566e-01
9.850380342047136972e-01
9.849323318762028823e-01
9.848262397683765768e-01
9.847197576214559156e-01
9.846128851746875910e-01
9.845056222917920596e-01
9.843979697177299704e-01
9.842899263394115916e-01
9.841814919201393730e-01
9.840726662233442168e-01
9.839634490125870325e-01
9.838538400515600690e-01
9.837438391040882468e-01
9.836334459341312675e-01
9.835226603057842798e-01
9.834114819832798782e-01
9.832999107309896569e-01
9.831879463134250985e-01
9.830755884952400159e-01
9.829628370412308858e-01
9.828496917163395130e-01
9.827361520870782075e-01
9.826222169307041732e-01
9.825078858075988464e-01
9.823931579761826516e-01
9.822780345425259352e-01
9.821625167665544165e-01
9.820466048805311932e-01
9.819302980812795179e-01
9.818135955419131644e-01
9.816964956043006119e-01
9.815789971381128076e-01
9.814610996793904363e-01
9.813428026989892139e-01
9.812241065198054057e-01
9.811050115717772080e-01
9.809855182788961292e-01
9.808656267445848842e-01
9.807453370603412823e-01
9.806246478247636622e-01
9.805035591109702020e-01
9.803820694219191889e-01
9.802601787041869130e-01
9.801378863731194935e-01
9.800151922418756101e-01
9.798920963651195359e-01
9.797685981719466142e-01
9.796446981699412637e-01
9.795203956313490723e-01
9.793956904381971862e-01
9.792705826439543904e-01
9.791450709033768796e-01
9.790191561050465285e-01
9.788928358989036349e-01
9.787661111660347357e-01
9.786389824142809335e-01
9.785114480914264279e-01
9.783835076084449467e-01
9.782551620534475356e-01
9.781264127444850853e-01
9.779972524146482993e-01
9.778676868992092208e-01
9.777377158435224258e-01
9.776073372462673605e-01
9.774765514258791921e-01
9.773453578675290743e-01
9.772137560572639048e-01
9.770817457990116361e-01
9.769493265365311041e-01
9.768164977706340624e-01
9.766832590379681545e-01
9.765496102856805472e-01
9.764155511674631471e-01
9.762810811727340443e-01
9.761461999224297914e-01
9.760109071756548627e-01
9.758752026907315802e-01
9.757390860382167963e-01
9.756025568809890691e-01
9.754656148327165432e-01
9.753282594606781375e-01
9.751904904979541433e-01
9.750523076003229095e-01
9.749137104243861263e-01
9.747746986275709347e-01
9.746352718649345936e-01
9.744954294657789395e-01
9.743551712757677619e-01
9.742144969356275608e-01
9.740734060869316036e-01
9.739318983721011458e-01
9.737899734344079850e-01
9.736476307811846587e-01
9.735048700561320656e-01
9.733616909412610152e-01
9.732180930705832678e-01
9.730740760789782229e-01
9.729296396021949178e-01
9.727847832124734140e-01
9.726395064436970106e-01
9.724938090093587784e-01
9.723476905366635892e-01
9.722011506537034942e-01
9.720541889894593890e-01
9.719068051493959803e-01
9.717589981786693976e-01
9.716107681399307472e-01
9.714621146496444926e-01
9.713130373251847027e-01
9.711635357848371619e-01
9.710136096478013679e-01
9.708632585341926413e-01
9.707124820650441244e-01
9.705612798623090010e-01
9.704096515394583511e-01
9.702575958013622826e-01
9.701051129348919888e-01
9.699522025417049997e-01
9.697988642244049773e-01
9.696450975865444910e-01
9.694909022326266834e-01
9.693362777681078235e-01
9.691812237993993051e-01
9.690257399338699784e-01
9.688698257798483704e-01
9.687134799834921095e-01
9.685567028196321315e-01
9.683994938924496143e-01
9.682418527888126958e-01
9.680837790965777234e-01
9.679252724045914746e-01
9.677663323026931552e-01
9.676069583817170638e-01
9.674471502334948125e-01
9.672869074508575471e-01
9.671262278428282011e-01
9.669651135094429195e-01
9.668035629058923108e-01
9.666415756225185119e-01
9.664791512479318225e-01
9.663162893690152577e-01
9.661529895709290994e-01
9.659892514371157812e-01
9.658250745493044409e-01
9.656604584875156938e-01
9.654954020495194467e-01
9.653299052550157189e-01
9.651639677051495614e-01
9.649975889333802792e-01
9.648307684694443775e-01
9.646635058393623341e-01
9.644958005654458155e-01
9.643276521663042278e-01
9.641590601568518215e-01
9.639900240483144644e-01
9.638205433482369688e-01
9.636506176037730187e-01
9.634802463143664619e-01
9.633094289588558512e-01
9.631381650333673550e-01
9.629664540305497011e-01
9.627942954395810604e-01
9.626216887461758187e-01
9.624486334325920156e-01
9.622751289776382277e-01
9.621011748566808963e-01
9.619267705416514325e-01
9.617519156669478431e-01
9.615766099212884610e-01
9.614008525440853603e-01
9.612246430158682964e-01
9.610479808149419156e-01
9.608708654173921948e-01
9.606932962970924361e-01
9.605152729257101507e-01
9.603367947727122766e-01
9.601578613053723954e-01
9.599784719887765050e-01
9.597986263000510831e-01
9.596183238515682001e-01
9.594375639926286947e-01
9.592563461873280239e-01
9.590746698980174845e-01
9.588925345853107629e-01
9.587099397080894869e-01
9.585268847235093315e-01
9.583433690870066801e-01
9.581593922523040652e-01
9.579749536714164959e-01
9.577900527946580089e-01
9.576046888676500446e-01
9.574188614232717054e-01
9.572325699336015070e-01
9.570458138306078277e-01
9.568585925439917483e-01
9.566709055011950458e-01
9.564827521274061883e-01
9.562941318455683293e-01
9.561050440763853020e-01
9.559154882383295027e-01
9.557254637476485515e-01
9.555349699225139659e-01
9.553440061521983884e-01
9.551525719086614297e-01
9.549606665927561355e-01
9.547682896028409916e-01
9.545754403347873618e-01
9.543821181819865940e-01
9.541883225353585685e-01
9.539940527833588035e-01
9.537993083119861160e-01
9.536040885047908366e-01
9.534083927428820271e-01
9.532122204049358061e-01
9.530155711416687936e-01
9.528184442164749912e-01
9.526208389479924321e-01
9.524227547180653675e-01
9.522241909067350463e-01
9.520251468922467097e-01
9.518256220510568077e-01
9.516256157578408814e-01
9.514251273855002244e-01
9.512241563051697657e-01
9.510227018862253967e-01
9.508207634962915211e-01
9.506183404997273767e-01
9.504154321895209589e-01
9.502120379798832950e-01
9.500081572289719167e-01
9.498037892931090465e-01
9.495989335267899234e-01
9.493935892826904643e-01
9.491877559116745910e-01
9.489814327628027790e-01
9.487746191833393850e-01
9.485673145187609734e-01
9.483595181127639773e-01
9.481512293072723585e-01
9.479424472242456989e-01
9.477331706148504065e-01
9.475233992862112098e-01
9.473131325252563961e-01
9.471023696144731385e-01
9.468911098319197084e-01
9.466793524512361335e-01
9.464670967416567438e-01
9.462543419680209400e-01
9.460410873907851848e-01
9.458273322660346594e-01
9.456130758962664196e-01
9.453983175186461141e-01
9.451830563683297770e-01
9.449672916893621100e-01
9.447510227218220979e-01
9.445342487018333344e-01
9.443169688615768997e-01
9.440991824293023527e-01
9.438808886911158602e-01
9.436620874814094506e-01
9.434427776393002896e-01
9.432229584292457503e-01
9.430026291153461582e-01
9.427817889613521185e-01
9.425604372306721768e-01
9.423385731863802572e-01
9.421161960912234345e-01
9.418933052371251113e-01
9.416698999124906155e-01
9.414459793544400767e-01
9.412215428319468113e-01
9.409965896158967169e-01
9.407711189790939343e-01
9.405451301962655108e-01
9.403186225440663959e-01
9.400915943324460455e-01
9.398640452263938849e-01
9.396359745375851835e-01
9.394073814826834345e-01
9.391782652803732923e-01
9.389486251513666781e-01
9.387184595922369867e-01
9.384877676814238345e-01
9.382565489127800973e-01
9.380248024387921602e-01
9.377925274140783696e-01
9.375597229953949174e-01
9.373263882968213556e-01
9.370925224050832281e-01
9.368581245364383525e-01
9.366231938476272667e-01
9.363877294975671006e-01
9.361517306473564615e-01
9.359151964816547764e-01
9.356781263954360162e-01
9.354405194228888609e-01
9.352023747497658634e-01
9.349636915640147095e-01
9.347244690557841018e-01
9.344847064174292006e-01
9.342444023269333986e-01
9.340035561411245135e-01
9.337621671000932988e-01
9.335202343663356883e-01
9.332777571046254605e-01
9.330347344820201227e-01
9.327911648898299379e-01
9.325470472035470859e-01
9.323023809615672564e-01
9.320571652500478921e-01
9.318113991575586175e-01
9.315650817750878998e-01
9.313182119074514542e-01
9.310707880083944898e-01
9.308228096092049375e-01
9.305742757452397651e-01
9.303251854543804766e-01
9.300755377770403287e-01
9.298253317498874626e-01
9.295745662687995292e-01
9.293232404668448909e-01
9.290713533849876971e-01
9.288189040667700347e-01
9.285658915583191453e-01
9.283123149083543080e-01
9.280581731884408603e-01
9.278034654482212318e-01
9.275481907414980798e-01
9.272923481290655801e-01
9.270359366743440299e-01
9.267789554433870647e-01
9.265214032346570372e-01
9.262632789588537419e-01
9.260045818490025837e-01
9.257453109470378250e-01
9.254854652976033380e-01
9.252250439480598221e-01
9.249640455398701056e-01
9.247024678946738074e-01
9.244403108609560160e-01
9.241775733850590147e-01
9.239142544162105564e-01
9.236503529065320794e-01
9.233858678110472562e-01
9.231207966065679837e-01
9.228551390750303618e-01
9.225888940926717519e-01
9.223220605362366653e-01
9.220546372855203954e-01
9.217866232233775659e-01
9.215180170998173992e-01
9.212488178173984243e-01
9.209790242951577666e-01
9.207086354164170094e-01
9.204376500676154649e-01
9.201660671383197210e-01
9.198938856481141402e-01
9.196211046012335855e-01
9.193477228035219495e-01
9.190737391754092434e-01
9.187991526404742926e-01
9.185239621254538411e-01
9.182481664308489444e-01
9.179717639482685154e-01
9.176947539496791428e-01
9.174171353299370724e-01
9.171389069871563882e-01
9.168600678227176726e-01
9.165806167412776650e-01
9.163005507404796690e-01
9.160198696592004586e-01
9.157385723738494798e-01
9.154566576787096510e-01
9.151741243715429963e-01
9.148909712536015260e-01
9.146071958632652210e-01
9.143227969726580584e-01
9.140377737363380994e-01
9.137521248495892312e-01
9.134658490113908291e-01
9.131789449244283041e-01
9.128914110636833223e-01
9.126032458669780523e-01
9.123144482599003791e-01
9.120250169222992032e-01
9.117349505378342656e-01
9.114442477939868059e-01
9.111529074272876061e-01
9.108609284091402358e-01
9.105683092727020478e-01
9.102750487416954028e-01
9.099811455436928043e-01
9.096865984101284441e-01
9.093914060763091944e-01
9.090955669724337662e-01
9.087990799680008003e-01
9.085019438172651229e-01
9.082041572497887572e-01
9.079057189990911159e-01
9.076066278026606593e-01
9.073068814958243911e-01
9.070064785578578759e-01
9.067054180021867360e-01
9.064036984502721328e-01
9.061013185277823068e-01
9.057982760790941335e-01
9.054945687055425685e-01
9.051901956603330968e-01
9.048851554056733804e-01
9.045794464082910213e-01
9.042730669603066262e-01
9.039660147682100355e-01
9.036582887074846582e-01
9.033498871774242600e-01
9.030408085820323949e-01
9.027310513324254826e-01
9.024206142613065973e-01
9.021094955872045462e-01
9.017976937686138506e-01
9.014852072687606910e-01
9.011720345556173406e-01
9.008581745198041002e-01
9.005436255802717893e-01
9.002283861856460456e-01
8.999124548692165604e-01
8.995958301690240022e-01
8.992785106904924719e-01
8.989604950182260579e-01
8.986417816876218767e-01
8.983223692697563934e-01
8.980022559809462956e-01
8.976814391371065183e-01
8.973599178267652743e-01
8.970376904407320051e-01
8.967147553749674760e-01
8.963911089672650379e-01
8.960667502017990449e-01
8.957416773347718353e-01
8.954158885223776343e-01
8.950893812716199660e-01
8.947621534029324142e-01
8.944342032513045160e-01
8.941055288547499202e-01
8.937761283578091742e-01
8.934460001343150770e-01
8.931151421107265120e-01
8.927835524011807911e-01
8.924512291257156171e-01
8.921181716820583141e-01
8.917843778140519539e-01
8.914498457681840904e-01
8.911145738454231413e-01
8.907785607429375974e-01
8.904418049574187588e-01
8.901043047195067448e-01
8.897660584346651635e-01
8.894270642600210497e-01
8.890873198620332651e-01
8.887468239639689793e-01
8.884055748696733090e-01
8.880635708889490498e-01
8.877208078309960504e-01
8.873772848432349702e-01
8.870330000146583460e-01
8.866879513759146070e-01
8.863421354186495904e-01
8.859955495429823191e-01
8.856481921125741730e-01
8.853000608717570552e-01
8.849511532796209279e-01
8.846014663009532653e-01
8.842509980208527187e-01
8.838997460770395831e-01
8.835477081146726475e-01
8.831948826486553106e-01
8.828412670348025904e-01
8.824868590311232275e-01
8.821316564148948824e-01
8.817756580865985239e-01
8.814188622441847532e-01
8.810612664840531405e-01
8.807028688322947607e-01
8.803436675840159431e-01
8.799836614341367547e-01
8.796228481657887288e-01
8.792612259483498782e-01
8.788987929582180447e-01
8.785355463967688960e-01
8.781714846878053704e-01
8.778066058637533642e-01
8.774409071511467539e-01
8.770743857715921354e-01
8.767070399187372187e-01
8.763388671823594267e-01
8.759698629059207153e-01
8.756000254513440773e-01
8.752293521639633589e-01
8.748578391734089799e-01
8.744854831073312074e-01
8.741122814165215305e-01
8.737382310280870090e-01
8.733633284407196218e-01
8.729875708111780597e-01
8.726109550776302015e-01
8.722334789748606987e-01
8.718551396915139584e-01
8.714759342101129347e-01
8.710958602508113158e-01
8.707149168792381877e-01
8.703331008604282548e-01
8.699504098177586187e-01
8.695668432856525909e-01
8.691823990118956456e-01
8.687970748070703575e-01
8.684108687500549095e-01
8.680237789453202346e-01
8.676358034754235726e-01
8.672469399188859063e-01
8.668571857063213093e-01
8.664665389475570967e-01
8.660749959448393875e-01
8.656825535783591041e-01
8.652892095469680855e-01
8.648949589219430134e-01
8.644997985479043745e-01
8.641037253384725725e-01
8.637067338229600377e-01
8.633088208864900803e-01
8.629099826403011653e-01
8.625102144718070907e-01
8.621095126775430995e-01
8.617078734105527715e-01
8.613052931814422220e-01
8.609017680053895338e-01
8.604972947099247538e-01
8.600918706808068359e-01
8.596854921076945155e-01
8.592781567733264181e-01
8.588698624358074296e-01
8.584606058377197702e-01
8.580503854131661390e-01
8.576391988977055680e-01
8.572270436893411061e-01
8.568139179993230492e-01
8.563998195245083878e-01
8.559847460154409449e-01
8.555686944281832851e-01
8.551516626952353484e-01
8.547336481125435981e-01
8.543146463097023302e-01
8.538946551329615886e-01
8.534736708481315270e-01
8.530516882452152672e-01
8.526287046292522209e-01
8.522047151212467364e-01
8.517797143119503200e-01
8.513536986733263312e-01
8.509266626283527035e-01
8.504986010156357912e-01
8.500695094920994732e-01
8.496393826774147895e-01
8.492082157010582000e-01
8.487760037618515829e-01
8.483427426680943961e-01
8.479084275233301771e-01
8.474730538071819641e-01
8.470366186397435548e-01
8.465991172078772831e-01
8.461605458716214834e-01
8.457209026496345095e-01
8.452801832237279989e-01
8.448383847062239660e-01
8.443955048699315347e-01
8.439515401808854733e-01
8.435064878794491516e-01
8.430603452361868921e-01
8.426131092549594692e-01
8.421647764438809913e-01
8.417153436515507625e-01
8.412648079599462925e-01
8.408131643510455833e-01
8.403604096016912273e-01
8.399065402310806894e-01
8.394515495715851872e-01
8.389954344334600300e-01
8.385381901238537772e-01
8.380798094447977631e-01
8.376202884660634007e-01
8.371596215023598964e-01
8.366978014794481666e-01
8.362348236145377145e-01
8.357706816925200011e-01
8.353053691643554934e-01
8.348388805390100087e-01
8.343712097720928922e-01
8.339023508832139608e-01
8.334322980380211021e-01
8.329610460280664208e-01
8.324885892044411317e-01
8.320149218522984169e-01
8.315400399337291582e-01
8.310639378348685380e-01
8.305866104765970981e-01
8.301080544005128292e-01
8.296282643212060659e-01
8.291472357942246685e-01
8.286649652200035465e-01
8.281814478732962836e-01
8.276966795106074359e-01
8.272106560055002555e-01
8.267233730698793082e-01
8.262348260305670822e-01
8.257450101650922747e-01
8.252539212987618500e-01
8.247615536660825031e-01
8.242679021656366123e-01
8.237729623010362490e-01
8.232767267639142794e-01
8.227791904180582483e-01
8.222803479875330224e-01
8.217801907213940771e-01
8.212787135589165732e-01
8.207759099666513958e-01
8.202717710034629350e-01
8.197662908329533815e-01
8.192594620867204025e-01
8.187512761538205952e-01
8.182417264286180325e-01
8.177308051573624059e-01
8.172185042847168734e-01
8.167048166426150724e-01
8.161897346226945071e-01
8.156732506728909815e-01
8.151553573914570583e-01
8.146360477351328733e-01
8.141153144480614001e-01
8.135931502351887445e-01
8.130695489723883673e-01
8.125445033600797728e-01
8.120180064239411744e-01
8.114900518637513382e-01
8.109606334420820239e-01
8.104297442384704731e-01
8.098973776988902529e-01
8.093635273865534829e-01
8.088281867822266769e-01
8.082913494407943933e-01
8.077530082714756698e-01
8.072131567173783662e-01
8.066717884107437175e-01
8.061288960064133535e-01
8.055844709484539790e-01
8.050385072663195363e-01
8.044909980577376052e-01
8.039419322756854447e-01
8.033913038424587150e-01
8.028391053038173020e-01
8.022853266543352735e-01
8.017299581794614660e-01
8.011729927651535244e-01
8.006144214681911730e-01
8.000542316258293374e-01
7.994924160523045886e-01
7.989289657154583502e-01
7.983638683614233678e-01
7.977971144429429895e-01
7.972286948759471636e-01
7.966585989743093510e-01
7.960868149205777566e-01
7.955133336425198598e-01
7.949381450747387001e-01
7.943612369917446570e-01
7.937825999380255793e-01
7.932022236231276446e-01
7.926200971532354478e-01
7.920362098423208153e-01
7.914505516200719404e-01
7.908631120729304742e-01
7.902738803137436818e-01
7.896828463062723902e-01
7.890899997906638541e-01
7.884953293834644494e-01
7.878988250327934040e-01
7.873004766741757976e-01
7.867002741088181539e-01
7.860982064453569951e-01
7.854942620579331569e-01
7.848884313151399672e-01
7.842807038761063776e-01
7.836710666868180741e-01
7.830595091614754866e-01
7.824460210519782466e-01
7.818305909972390610e-01
7.812132042886669181e-01
7.805938514595046618e-01
7.799725212568342503e-01
7.793491992280949798e-01
7.787238717241655728e-01
7.780965282087097812e-01
7.774671566930574373e-01
7.768357378875173636e-01
7.762022617969516203e-01
7.755667155396839263e-01
7.749290843329962319e-01
7.742893508372672429e-01
7.736475027646748659e-01
7.730035244993381793e-01
7.723573985550700183e-01
7.717091114153147302e-01
7.710586468486030354e-01
7.704059872483879357e-01
7.697511181854054252e-01
7.690940224325905072e-01
7.684346835102863205e-01
7.677730850976938193e-01
7.671092105092778279e-01
7.664430420004031408e-01
7.657745633166573862e-01
7.651037571820060723e-01
7.644306064586980920e-01
7.637550934004230241e-01
7.630771999643540804e-01
7.623969081314911911e-01
7.617142010201627400e-01
7.610290598332262180e-01
7.603414662055066886e-01
7.596514019429326803e-01
7.589588487835052799e-01
7.582637879544472659e-01
7.575662007293489930e-01
7.568660676466102410e-01
7.561633696756392409e-01
7.554580875215581859e-01
7.547502013221077943e-01
7.540396900389725321e-01
7.533265340785463282e-01
7.526107130142237756e-01
7.518922061832269410e-01
7.511709903001944078e-01
7.504470447787585652e-01
7.497203477200742316e-01
7.489908769493450746e-01
7.482586084513113134e-01
7.475235190412463648e-01
7.467855854674850802e-01
7.460447838127841624e-01
7.453010890440093794e-01
7.445544755454097663e-01
7.438049184277264470e-01
7.430523919102144381e-01
7.422968695835546749e-01
7.415383238039549019e-01
7.407767278035759517e-01
7.400120539120913499e-01
7.392442740463684991e-01
7.384733585502948339e-01
7.376992788193840189e-01
7.369220053165149720e-01
7.361415080680847600e-01
7.353577565140492212e-01
7.345707186308604308e-01
7.337803635215518483e-01
7.329866592601378406e-01
7.321895734887596818e-01
7.313890730138816743e-01
7.305851235793594523e-01
7.297776918059647455e-01
7.289667433201858504e-01
7.281522433074166800e-01
7.273341556189591994e-01
7.265124435842738038e-01
7.256870712647296440e-01
7.248580016688828120e-01
7.240251973448674772e-01
7.231886185176409354e-01
7.223482261167961660e-01
7.215039813067322116e-01
7.206558441606926158e-01
7.198037742532291672e-01
7.189477272084477955e-01
7.180876617825290298e-01
7.172235355893272768e-01
7.163553052957274403e-01
7.154829268962433764e-01
7.146063519199458147e-01
7.137255358892661272e-01
7.128404320243989511e-01
7.119509927779649194e-01
7.110571668299636716e-01
7.101589057738210142e-01
7.092561591527788423e-01
7.083488756587295043e-01
7.074369998718612607e-01
7.065204794887437467e-01
7.055992599645108942e-01
7.046732858135942301e-01
7.037424969492311888e-01
7.028068367686104434e-01
7.018662461680731379e-01
7.009206653673198950e-01
6.999700281971242832e-01
6.990142740862315129e-01
6.980533387501629550e-01
6.970871568543022256e-01
6.961156575936613411e-01
6.951387742780856804e-01
6.941564369577468696e-01
6.931685742794376770e-01
6.921751130954117981e-01
6.911759771338228386e-01
6.901710907133237205e-01
6.891603755561177547e-01
6.881437515785781001e-01
6.871211371808616519e-01
6.860924492887976456e-01
6.850576020498193586e-01
6.840165080151290322e-01
6.829690777350823083e-01
6.819152202547914543e-01
6.808548425446705465e-01
6.797878489708660821e-01
6.787141420706854777e-01
6.776336222480502380e-01
6.765461868217251817e-01
6.754517314837735764e-01
6.743501498084442103e-01
6.732413328160381516e-01
6.721251691427587716e-01
6.710015419713530882e-01
6.698703351353642033e-01
6.687314289428585301e-01
6.675847008054662801e-01
6.664300250433067285e-01
6.652672697625209297e-01
6.640963043206646876e-01
6.629169933355512079e-01
6.617291981980600868e-01
6.605327761217901772e-01
6.593275787053051173e-01
6.581134575144707011e-01
6.568902590123705254e-01
6.556578258872409748e-01
6.544159952358243881e-01
6.531645992688489555e-01
6.519034688322467019e-01
6.506324291800523740e-01
6.493513011678843094e-01
6.480598988690728923e-01
6.467580319618156937e-01
6.454455064920943119e-01
6.441221226195804617e-01
6.427876733652518881e-01
6.414419468765388821e-01
6.400847262982498620e-01
6.387157884135948871e-01
6.373349019432622553e-01
6.359418303565252950e-01
6.345363310576754845e-01
6.331181543895096908e-01
6.316870409449920620e-01
6.302427260829299716e-01
6.287849379539749428e-01
6.273133967202486616e-01
6.258278103740136933e-01
6.243278821621893737e-01
6.228133065338135044e-01
6.212837688255797852e-01
6.197389398346043743e-01
6.181784859570151891e-01
6.166020627564807732e-01
6.150093155094005226e-01
6.133998742884093636e-01
6.117733622730465726e-01
6.101293901418314292e-01
6.084675544667478286e-01
6.067874400308979066e-01
6.050886198310596598e-01
6.033706521761640351e-01
6.016330806035264933e-01
5.998754365744588535e-01
5.980972358634886188e-01
5.962979758887854143e-01
5.944771423498432794e-01
5.926342039470314793e-01
5.907686071607520795e-01
5.888797865714311408e-01
5.869671577153969810e-01
5.850301136591259388e-01
5.830680297268362455e-01
5.810802633665258510e-01
5.790661484423584859e-01
5.770249953520628639e-01
5.749560973353735616e-01
5.728587231884338937e-01
5.707321136277532236e-01
5.685754899919006622e-01
5.663880460471708567e-01
5.641689487312842033e-01
5.619173408029608519e-01
5.596323342676092771e-01
5.573130150427183516e-01
5.549584406687114724e-01
5.525676347747224826e-01
5.501395952951221302e-01
5.476732865754042612e-01
5.451676387532659041e-01
5.426215537866202476e-01
5.400338953138122955e-01
5.374034948925335842e-01
5.347291513534636609e-01
5.320096217530090321e-01
5.292436339648893817e-01
5.264298770241782055e-01
5.235669996980841789e-01
5.206536200929519076e-01
5.176883137109340449e-01
5.146696200249838427e-01
5.115960453692515175e-01
5.084660501077367112e-01
5.052780668815158860e-01
5.020304904011984037e-01
4.987216755544852109e-01
4.953499482170831691e-01
4.919135965174664116e-01
4.884108807755298542e-01
4.848400292163544401e-01
4.811992445636902871e-01
4.774867044126345217e-01
4.737005642070746259e-01
4.698389633406446775e-01
4.659000240555166150e-01
4.618818628903906820e-01
4.577825878220006528e-01
4.536003120534712330e-01
4.493331533489067220e-01
4.449792464148876192e-01
4.405367478624454547e-01
4.360038454207293968e-01
4.313787688260224407e-01
4.266597976843320428e-01
4.218452758475766395e-01
4.169336207590908505e-01
4.119233389811138291e-01
4.068130392191196543e-01
4.016014475925783755e-01
3.962874245021506536e-01
3.908699828654458863e-01
3.853483053369283207e-01
3.797217638096787029e-01
3.739899396958757949e-01
3.681526460216377195e-01
3.622099482314040664e-01
3.561621881422920577e-01
3.500100057195827952e-01
3.437543644310852575e-01
3.373965718682990222e-01
3.309383073671771092e-01
3.243816439665637708e-01
3.177290783304764776e-01
3.109835321067005998e-01
3.041483908871225883e-01
2.972275223775489583e-01
2.902252891923583489e-01
2.831465640898297997e-01
2.759967397584490167e-01
2.687817428712488410e-01
2.615080352955599929e-01
2.541826138185673822e-01
2.468130097429440672e-01
2.394072783124766846e-01
2.319739792483045127e-01
2.245221660812964648e-01
2.170613486295823735e-01
2.096014708339543342e-01
2.021528696267823055e-01
1.947262222368299767e-01
1.873325011460449385e-01
1.799829159226526976e-01
1.726888488557895007e-01
1.654617884182793541e-01
1.583132549207785511e-01
1.512547252102782180e-01
1.442975522983015180e-01
1.374528846560441053e-01
1.307315835881226462e-01
1.241441410048926830e-01
1.177005997528401682e-01
1.114104738602586103e-01
1.052826761844059544e-01
9.932544816028687773e-02
9.354629775270234537e-02
8.795194312151842497e-02
8.254826539321230561e-02
7.734026985008171651e-02
