3.556791569086651254e-06
7.113086080449203632e-06
1.066960456839623940e-05
1.422617123443293622e-05
1.778285294365625286e-05
2.133961498456889521e-05
2.489640692830193751e-05
2.845326430451373403e-05
3.201018566377387888e-05
3.556718818627658662e-05
3.912425823221313980e-05
4.268146661484328798e-05
4.623893855947712624e-05
4.979661631683642866e-05
5.335452340365442694e-05
5.691268333666441378e-05
6.047093311836298910e-05
6.402925769494424734e-05
6.758771337797515660e-05
7.114629354819410696e-05
7.470499158633945463e-05
7.826395437932894905e-05
8.182311277633780766e-05
8.538247467197975838e-05
8.894204922712663718e-05
9.250192352721570773e-05
9.606232815179702525e-05
9.962317057512003291e-05
1.031844929610867392e-04
1.067463374735991256e-04
1.103085969545532685e-04
1.138712392765794880e-04
1.174343517013818993e-04
1.209979480264418211e-04
1.245620420492406536e-04
1.281261608380735448e-04
1.316904507659355452e-04
1.352549088396341553e-04
1.388194926303819494e-04
1.423842221219259253e-04
1.459493540954529185e-04
1.495147129370715260e-04
1.530802949263447305e-04
1.566460963428355148e-04
1.602128379996036183e-04
1.637811871974552056e-04
1.673508201744639912e-04
1.709219121540796031e-04
1.744946184359841453e-04
1.780660355314475478e-04
1.816371909985734932e-04
1.852077777788408482e-04
1.887783423484243903e-04
1.923505635149379321e-04
1.959236100771057510e-04
1.994976371706039622e-04
2.030725324963705077e-04
2.066483646753722065e-04
2.102252971415332760e-04
2.138033661375519034e-04
2.173815240319589373e-04
2.209601764755368192e-04
2.245392278758285307e-04
2.281187833143776358e-04
2.316990377323466038e-04
2.352797433127328929e-04
2.388608583789758090e-04
2.424423412545146847e-04
2.460247416761320374e-04
2.496084247908237860e-04
2.531931014484462418e-04
2.567788469908295645e-04
2.603657367598039680e-04
2.639534660984144067e-04
2.675420280679639763e-04
2.711315762545980518e-04
2.747221273176696753e-04
2.783136979165320513e-04
2.819059230566447289e-04
2.854988594777815576e-04
2.890925466194027528e-04
2.926869533658300838e-04
2.962820486013850491e-04
2.998784797352804224e-04
3.034758634783207907e-04
3.070741615298723851e-04
3.106733776020762059e-04
3.142735154070733076e-04
3.178745786570045281e-04
3.214765710640110304e-04
3.250797539701007991e-04
3.286841120646785404e-04
3.322895754909975107e-04
3.358961664428690061e-04
3.395039071141045398e-04
3.431128196985154619e-04
3.467229263899132313e-04
3.503341666335727683e-04
3.539464948166853495e-04
3.575600022228897176e-04
3.611747016773683033e-04
3.647906060053036459e-04
3.684077280318781220e-04
3.720260805822741624e-04
3.756456420413642190e-04
3.792663030521186752e-04
3.828881628043712864e-04
3.865112258198234252e-04
3.901354966201765729e-04
3.937609797271322105e-04
3.973876796623918191e-04
4.010156009476569341e-04
4.046450524517578614e-04
4.082758084001890646e-04
4.119078767536588082e-04
4.155412674675447600e-04
4.191759904972245884e-04
4.228120557980760154e-04
4.264494733254767093e-04
4.300882530348043922e-04
4.337284048814366781e-04
4.373699388207513976e-04
4.410128648081262188e-04
4.446571927989387556e-04
4.483030797984887197e-04
4.519504865535922374e-04
4.555993771116334241e-04
4.592497651394575504e-04
4.629016643039101037e-04
4.665550882718363544e-04
4.702100507100816815e-04
4.738665652854915180e-04
4.775246456649111888e-04
4.811843055151860185e-04
4.848455585031614403e-04
4.885084182956828331e-04
4.921728865786796419e-04
4.958389700449641327e-04
4.995066945119752038e-04
5.031760731507691148e-04
5.068471191324024506e-04
5.105198456279320127e-04
5.141942658084140607e-04
5.178703928449053962e-04
5.215482399084624956e-04
5.252278201701419437e-04
5.289091468010002168e-04
5.325922329720941166e-04
5.362770775310881461e-04
5.399636346836011059e-04
5.436519708688109399e-04
5.473420977699015822e-04
5.510340270700570756e-04
5.547277704524614626e-04
5.584233396002987859e-04
5.621207461967530879e-04
5.658200019250081945e-04
5.695211184682483652e-04
5.732241075096574257e-04
5.769289807324195270e-04
5.806357498197186034e-04
5.843444550711391792e-04
5.880550891253371899e-04
5.917676619880177756e-04
5.954821858987957486e-04
5.991986730972860293e-04
6.029171358231033215e-04
6.066375863158625457e-04
6.103600368151786224e-04
6.140844995606662554e-04
6.178109867919403652e-04
6.215395107486157639e-04
6.252700836703072636e-04
6.290027986053667655e-04
6.327376549763481925e-04
6.364746288987358684e-04
6.402137349016141094e-04
6.439549875140676647e-04
6.476984012651808504e-04
6.514439906840380906e-04
6.551917702997238097e-04
6.589417546413225404e-04
6.626939582379187069e-04
6.664483956185967336e-04
6.702050813124410446e-04
6.739641059782976304e-04
6.777253676959842359e-04
6.814889373296304214e-04
6.852548295412445563e-04
6.890230590634472546e-04
6.927936406994723503e-04
6.965665893231657050e-04
7.003419198789861836e-04
7.041196473820053288e-04
7.078997869179072533e-04
7.116823536429885307e-04
7.154673627841587379e-04
7.192548175239344083e-04
7.230446371456884748e-04
7.268369181438917711e-04
7.306316733486598481e-04
7.344289155550906946e-04
7.382286575232646295e-04
7.420309119782441927e-04
7.458356916100743628e-04
7.496430090737826648e-04
7.534528769893786282e-04
7.572653079418545461e-04
7.610803144811846077e-04
7.648979091223256574e-04
7.687181043452170860e-04
7.725409125947801806e-04
7.763663462809188833e-04
7.801944083699059295e-04
7.840250914029424411e-04
7.878584283473196413e-04
7.916944306374216773e-04
7.955331096398917442e-04
7.993744766536323024e-04
8.032185429098047521e-04
8.070653195718301923e-04
8.109148177353883366e-04
8.147670484284185973e-04
8.186220226111193266e-04
8.224797511759481417e-04
8.263402449476218168e-04
8.302035146831163908e-04
8.340695710716670595e-04
8.379384247347681754e-04
8.418101877995996752e-04
8.456849334075188960e-04
8.495625654643442892e-04
8.534430999109589083e-04
8.573265528380508886e-04
8.612129404861144227e-04
8.651022792454485678e-04
8.689945856561582214e-04
8.728898764081537967e-04
8.767881683411510047e-04
8.806894784446712889e-04
8.845938238580412826e-04
8.885012218703935679e-04
8.924116899206657001e-04
8.963252455976010750e-04
9.002419066397483868e-04
9.041618320398624696e-04
9.080850308325458167e-04
9.120114473474244098e-04
9.159411055114725832e-04
9.198740296175715201e-04
9.238102443245096865e-04
9.277497746569826143e-04
9.316926460055932266e-04
9.356388841268515125e-04
9.395885151431743101e-04
9.435415655428861740e-04
9.474980621802183995e-04
9.514580322753097815e-04
9.554215034142058555e-04
9.593885035488598735e-04
9.633590609971318282e-04
9.673329550141283265e-04
9.713103279544791887e-04
9.752912646258278528e-04
9.792757871330973543e-04
9.832639176522088402e-04
9.872556784300801601e-04
9.912510917846274923e-04
9.952501801047642597e-04
9.992529658504019970e-04
1.003259471552449267e-03
1.007269719812812310e-03
1.011283733304395261e-03
1.015301534771099502e-03
1.019323147027824741e-03
1.023348592960467282e-03
1.027377895525921755e-03
1.031410298920769830e-03
1.035446377370733166e-03
1.039486174646456424e-03
1.043529694473879299e-03
1.047576939905000117e-03
1.051627913317876480e-03
1.055682616416623752e-03
1.059741050231417011e-03
1.063803215118489312e-03
1.067869110760132773e-03
1.071938736164698138e-03
1.076012089666595001e-03
1.080089168926291364e-03
1.084169970930314291e-03
1.088254491991249261e-03
1.092342719716485680e-03
1.096434584548931042e-03
1.100530135149352384e-03
1.104629363339696638e-03
1.108732260197202620e-03
1.112838816054401029e-03
1.116949020499114235e-03
1.121062862374456711e-03
1.125180329778834596e-03
1.129301410065945699e-03
1.133426089844779498e-03
1.137554354979618005e-03
1.141686190590034252e-03
1.145821581050893373e-03
1.149960509992352820e-03
1.154102960299861064e-03
1.158250991605273145e-03
1.162414924083921214e-03
1.166595394277416793e-03
1.170772044017329106e-03
1.174932586499794970e-03
1.179083397125886036e-03
1.183238692369261401e-03
1.187404129533097550e-03
1.191585058952505417e-03
1.195783740495590369e-03
1.199995077892250517e-03
1.204215261949224697e-03
1.208437409575014235e-03
1.212655294672364617e-03
1.216869250738356707e-03
1.221078359943115902e-03
1.225290046516039908e-03
1.229505454145384371e-03
1.233732258447451996e-03
1.237968165169738444e-03
1.242213790965780544e-03
1.246466678504239665e-03
1.250724717380302230e-03
1.254985447489159354e-03
1.259248584482464519e-03
1.263514101037683081e-03
1.267782201582084642e-03
1.272054427546321373e-03
1.276331258756627576e-03
1.280612712890083103e-03
1.284900798183768707e-03
1.289194540628175491e-03
1.293493970139903467e-03
1.297799078135457394e-03
1.302109860483263064e-03
1.306425543874750088e-03
1.310745789013899668e-03
1.315071013112675997e-03
1.319401424052034366e-03
1.323735683361215634e-03
1.328074812121092215e-03
1.332418759196583999e-03
1.336768416775311425e-03
1.341123349542111022e-03
1.345483599676491806e-03
1.349849209357963445e-03
1.354220058896145502e-03
1.358596212899358625e-03
1.362977707298017489e-03
1.367364560165188576e-03
1.371756533299197571e-03
1.376153572512628853e-03
1.380555726919900899e-03
1.384962963881697113e-03
1.389375435077669840e-03
1.393793290130428955e-03
1.398216425595539365e-03
1.402644860824752175e-03
1.407078777244458873e-03
1.411518509334843026e-03
1.415963857014111487e-03
1.420414873299694763e-03
1.424871611209022927e-03
1.429334123759526051e-03
1.433802460318560476e-03
1.438276297304572505e-03
1.442755899720395184e-03
1.447241297641521174e-03
1.451732521143442485e-03
1.456229600301651344e-03
1.460732565191639977e-03
1.465241174692408048e-03
1.469755456227742540e-03
1.474275511495136979e-03
1.478801345329376713e-03
1.483332962565246443e-03
1.487870368037531735e-03
1.492413662229896080e-03
1.496963003974803585e-03
1.501518286577574468e-03
1.506079532834799948e-03
1.510646765543071897e-03
1.515220007498981969e-03
1.519799295027221032e-03
1.524384975559772660e-03
1.528976833094152074e-03
1.533574899396715095e-03
1.538179206233816895e-03
1.542789785371813513e-03
1.547406668577060553e-03
1.552029887615913621e-03
1.556659474254728321e-03
1.561295460259860260e-03
1.565937875632865796e-03
1.570586579665081894e-03
1.575241728338566552e-03
1.579903348890413211e-03
1.584571468557715310e-03
1.589246114577565639e-03
1.593927314187057855e-03
1.598615094623284964e-03
1.603309483123340406e-03
1.608010506924317405e-03
1.612718193263309183e-03
1.617432473540988350e-03
1.622153441087255789e-03
1.626881122423920120e-03
1.631615542252283111e-03
1.636356725273645880e-03
1.641104696189309761e-03
1.645859479700576521e-03
1.650621100508747928e-03
1.655389583315124667e-03
1.660164952821008722e-03
1.664947565949727142e-03
1.669736981176769179e-03
1.674533435527184163e-03
1.679336954954354982e-03
1.684147565923662087e-03
1.688965295412485010e-03
1.693790170910201495e-03
1.698622220418187934e-03
1.703461472449819365e-03
1.708307956030468604e-03
1.713161798250336645e-03
1.718022973823023127e-03
1.722891510053535915e-03
1.727767443009245452e-03
1.732650809527984653e-03
1.737541647218049986e-03
1.742439994458199522e-03
1.747345890397654887e-03
1.752259374956100174e-03
1.757180488823682166e-03
1.762109273461010114e-03
1.767045575252156314e-03
1.771989440532118019e-03
1.776940993107107691e-03
1.781900262807841352e-03
1.786867279463183423e-03
1.791842072900145860e-03
1.796824672943888148e-03
1.801815109417717956e-03
1.806813412143090485e-03
1.811819610939608685e-03
1.816833735625023689e-03
1.821855803573078133e-03
1.826885827815219899e-03
1.831923854823094529e-03
1.836969912729216571e-03
1.842024029574887293e-03
1.847086233310195552e-03
1.852156551794017798e-03
1.857235012794017197e-03
1.862321643986644291e-03
1.867416472957137644e-03
1.872519527199522109e-03
1.877630861054146528e-03
1.882750789131670691e-03
1.887879131797297978e-03
1.893015930825938525e-03
1.898161228692823348e-03
1.903315068573502604e-03
1.908477494343847111e-03
1.913648550580047481e-03
1.918828282558614337e-03
1.924016736256378528e-03
1.929213958350490697e-03
1.934419996218421714e-03
1.939634919711756599e-03
1.944858768400435775e-03
1.950091588891175124e-03
1.955333432613694071e-03
1.960584351763084831e-03
1.965844399299812410e-03
1.971113628949714390e-03
1.976392095204000925e-03
1.981679853319254746e-03
1.986976959317432456e-03
1.992283469985862802e-03
1.997599091662715255e-03
2.002923799829185725e-03
2.008257881816768748e-03
2.013601373273482716e-03
2.018954309470674235e-03
2.024316725303018562e-03
2.029688655288517437e-03
2.035070133568502547e-03
2.040461193907632063e-03
2.045861869693893238e-03
2.051272193938600674e-03
2.056692199276397622e-03
2.062121917965255118e-03
2.067561245783863626e-03
2.073010268928528015e-03
2.078469044662570406e-03
2.083937597340115421e-03
2.089415950640084296e-03
2.094904127566193583e-03
2.100402150446957321e-03
2.105910040935683996e-03
2.111427820010479579e-03
2.116955507974245792e-03
2.122493124454680972e-03
2.128040688404278340e-03
2.133598238006957030e-03
2.139166722351701529e-03
2.144745480778950924e-03
2.150334562924988580e-03
2.155934019366277220e-03
2.161543901619457191e-03
2.167164262141347327e-03
2.172795154328945825e-03
2.178436632519427634e-03
2.184088751990147931e-03
2.189751568958639080e-03
2.195425140582612372e-03
2.201109524959957587e-03
2.206804962288821254e-03
2.212512000325776978e-03
2.218230309656801357e-03
2.223959992195413682e-03
2.229701153082798773e-03
2.235453900687803513e-03
2.241218346606940748e-03
2.246994605664386687e-03
2.252782795911980468e-03
2.258583038629227626e-03
2.264395458323295324e-03
2.270218913353053408e-03
2.276053789196736277e-03
2.281900416610438756e-03
2.287758799177423436e-03
2.293628934932185302e-03
2.299510816360451730e-03
2.305404430399180752e-03
2.311309758436563225e-03
2.317226761398174465e-03
2.323155261307872834e-03
2.329095313948463357e-03
2.335046865944454073e-03
2.341009857510210207e-03
2.346984222449955033e-03
2.352969888157769446e-03
2.358966775617591088e-03
2.364974799403216088e-03
2.370995075606125400e-03
2.377028568908486073e-03
2.383074084541379756e-03
2.389131654237880518e-03
2.395201309731061993e-03
2.401283082753998249e-03
2.407377005039762919e-03
2.413483108321430072e-03
2.419604024209434916e-03
2.425738754154561916e-03
2.431887252608282146e-03
2.438049734386786484e-03
2.444226414306264507e-03
2.450417507182907958e-03
2.456622098584326352e-03
2.462840174865290211e-03
2.469072365289703107e-03
2.475318765095664130e-03
2.481579469521272806e-03
2.487854573804628225e-03
2.494143214747097156e-03
2.500443897139316592e-03
2.506757849343394309e-03
2.513084980935907219e-03
2.519425201493432232e-03
2.525778420592546258e-03
2.532144622852739932e-03
2.538524523916635672e-03
2.544917565072136491e-03
2.551323711964751783e-03
2.557742930239991375e-03
2.564175185543365095e-03
2.570620443520383203e-03
2.577081337052580454e-03
2.583557007307513316e-03
2.590047209150650193e-03
2.596552109707145947e-03
2.603071876102155003e-03
2.609606675460832657e-03
2.616157035898882856e-03
2.622723262267920470e-03
2.629305352901412270e-03
2.635903517021847848e-03
2.642517963851718967e-03
2.649148902613515655e-03
2.655795825328917479e-03
2.662457344530068121e-03
2.669134744220626188e-03
2.675828070032091124e-03
2.682537367595961945e-03
2.689262682543737664e-03
2.696004000412386813e-03
2.702759935531345425e-03
2.709531345813937214e-03
2.716318184010801939e-03
2.723120402872578928e-03
2.729937955149907072e-03
2.736770793593425698e-03
2.743619037845337633e-03
2.750482605481512424e-03
2.757361426796082690e-03
2.764255468114227253e-03
2.771164695761124067e-03
2.778089076061951521e-03
2.785030192896179469e-03
2.791988975781532854e-03
2.798964440762298327e-03
2.805956763569569194e-03
2.812966119934438760e-03
2.819992685588000331e-03
2.827036979233622360e-03
2.834100210560114470e-03
2.841181890557592862e-03
2.848282289620493977e-03
2.855401678143254691e-03
2.862540326520311880e-03
2.869698505146101551e-03
2.876873553955003673e-03
2.884067365826931389e-03
2.891280036714892823e-03
2.898511657557644068e-03
2.905762319293942082e-03
2.913032112862543391e-03
2.920318971193978409e-03
2.927623198670188664e-03
2.934945312685285218e-03
2.942285214363579617e-03
2.949642804829383843e-03
2.957017985207009876e-03
2.964411079001101797e-03
2.971822348633118734e-03
2.979251385632358546e-03
2.986698152412908119e-03
2.994162611388853906e-03
3.001644724974281923e-03
3.009145131158750923e-03
3.016666620697403944e-03
3.024207405494298839e-03
3.031767682616582499e-03
3.039347649131400944e-03
3.046947502105900631e-03
3.054567438607227580e-03
3.062209392541252306e-03
3.069872718904541331e-03
3.077557650280905808e-03
3.085264497054565798e-03
3.092993569609743098e-03
3.100745178330658637e-03
3.108518073412254359e-03
3.116312519247579384e-03
3.124129247284899383e-03
3.131968418777354105e-03
3.139830194978081995e-03
3.147714737140222801e-03
3.155620828779087932e-03
3.163547008175806880e-03
3.171494694964477855e-03
3.179463823651995993e-03
3.187454328745255566e-03
3.195466144751150407e-03
3.203499161539825630e-03
3.211553040783445868e-03
3.219627880519224019e-03
3.227723594510856827e-03
3.235840096522043640e-03
3.243977300316481203e-03
3.252135119657867997e-03
3.260316704389044137e-03
3.268520647084698343e-03
3.276746787277664587e-03
3.284995264343505174e-03
3.293266217657783712e-03
3.301559786596063376e-03
3.309878176829092206e-03
3.318222136973779553e-03
3.326591206756961214e-03
3.334985828978338611e-03
3.343406446437612294e-03
3.351853218884353475e-03
3.360326216556132686e-03
3.368826103290770580e-03
3.377353256370944912e-03
3.385908053079333003e-03
3.394490072779652104e-03
3.403096264117264937e-03
3.411728761144545551e-03
3.420387556708892954e-03
3.429072643657705283e-03
3.437784001432742532e-03
3.446519269614208448e-03
3.455279559885419613e-03
3.464064664344944280e-03
3.472874375091348099e-03
3.481708484223196721e-03
3.490567336485969271e-03
3.499450647090826105e-03
3.508358164077380638e-03
3.517289741150852328e-03
3.526245232016462800e-03
3.535226537161555074e-03
3.544234722944925985e-03
3.553269091131753578e-03
3.562329952900812439e-03
3.571418489578461787e-03
3.580538075170304306e-03
3.589687806918881365e-03
3.598868482389354449e-03
3.608080899146887208e-03
3.617324678996928014e-03
3.626600947634450733e-03
3.635910413136533240e-03
3.645253723421647014e-03
3.654628784832684996e-03
3.664034788846307761e-03
3.673473057025724436e-03
3.682943643372961831e-03
3.692445637130904821e-03
3.701975983691307374e-03
3.711535973389951289e-03
3.721125154161264090e-03
3.730743073939673735e-03
3.740389125079090094e-03
3.750062902828874348e-03
3.759763941701428809e-03
3.769491770247876145e-03
3.779248366324514802e-03
3.789034417216282941e-03
3.798848905442708725e-03
3.808691874188502302e-03
3.818564715853677537e-03
3.828471462294296985e-03
3.838410564667697148e-03
3.848382732468478250e-03
3.858388675191238779e-03
3.868431555097214588e-03
3.878511276293309697e-03
3.888628784044018821e-03
3.898785087054887702e-03
3.908979616045162725e-03
3.919212720479745352e-03
3.929485726606559565e-03
3.939799321340682267e-03
3.950152631128243594e-03
3.960542102448651181e-03
3.970970121040313071e-03
3.981436646183382499e-03
3.991941637158010966e-03
4.002480070882467530e-03
4.013053659621459816e-03
4.023661836090325003e-03
4.034303964283024457e-03
4.044979443864719915e-03
4.055687651852823115e-03
4.066427945801405139e-03
4.077199696768796407e-03
4.088003767344751752e-03
4.098843259807897869e-03
4.109716044587697487e-03
4.120622151139482006e-03
4.131561608918584566e-03
4.142540140841289263e-03
4.153556430335794865e-03
4.164611470599448653e-03
4.175707863105920792e-03
4.186848236300074085e-03
4.198033320882084245e-03
4.209264661247999820e-03
4.220543153265585330e-03
4.231870557931199060e-03
4.243248341537522901e-03
4.254675587473385340e-03
4.266152327342403669e-03
4.277680176115731224e-03
4.289258994995707140e-03
4.300884163374959872e-03
4.312557686704012079e-03
4.324279235753934053e-03
4.336044745625216787e-03
4.347852786503851770e-03
4.359702953582331175e-03
4.371593333496784882e-03
4.383520446238311184e-03
4.395483516754287306e-03
4.407480775443687639e-03
4.419515643067950181e-03
4.431586647191471801e-03
4.443692462640164847e-03
4.455834525277610134e-03
4.468017365279688784e-03
4.480240066155575726e-03
4.492505795432580849e-03
4.504818371362969733e-03
4.517178841459492528e-03
4.529590743064812811e-03
4.542057106330370242e-03
4.554580237335280682e-03
4.567161987181381048e-03
4.579804868407261718e-03
4.592511415325553105e-03
4.605279704072972984e-03
4.618112584943344368e-03
4.631010872172788492e-03
4.643970317655570987e-03
4.656992871800024088e-03
4.670077253154182421e-03
4.683218811268982824e-03
4.696417860621512896e-03
4.709671857021467158e-03
4.722977226081284501e-03
4.736332670104186765e-03
4.749736183468898122e-03
4.763185756540503496e-03
4.776679261469025072e-03
4.790217223739855895e-03
4.803798676809137129e-03
4.817421919922021921e-03
4.831091148610938690e-03
4.844805511305115206e-03
4.858565173378604461e-03
4.872376687970224503e-03
4.886239661633357163e-03
4.900156570773567428e-03
4.914133340449614896e-03
4.928171369128285517e-03
4.942273946499512079e-03
4.956445071999708574e-03
4.970687554406741544e-03
4.985003673128385500e-03
4.999395317580220162e-03
5.013865707009583852e-03
5.028414454892507490e-03
5.043042092878045717e-03
5.057751003778442056e-03
5.072537536004192646e-03
5.087401869087888537e-03
5.102344588941382618e-03
5.117359784433428947e-03
5.132447720203279877e-03
5.147606631177562356e-03
5.162831103008647289e-03
5.178120016485617157e-03
5.193471113401557961e-03
5.208882806168738284e-03
5.224352548117342995e-03
5.239879568130139526e-03
5.255464593140253549e-03
5.271105290618327034e-03
5.286803488605517666e-03
5.302561191756532434e-03
5.318377340082546326e-03
5.334256448908270692e-03
5.350200819592015183e-03
5.366211264740976608e-03
5.382293712122056435e-03
5.398450332606951479e-03
5.414683751126221113e-03
5.430998953850766850e-03
5.447398617969161951e-03
5.463885983280908874e-03
5.480463455793014964e-03
5.497134513243628895e-03
5.513901265491552225e-03
5.530763832101040153e-03
5.547725531993514224e-03
5.564786331889262985e-03
5.581944999717374130e-03
5.599203773500735330e-03
5.616560353772676560e-03
5.634013164580216858e-03
5.651562818455131525e-03
5.669205691841578895e-03
5.686940403835141246e-03
5.704766005815421932e-03
5.722679332475594412e-03
5.740679001190362313e-03
5.758763276239963272e-03
5.776931271284422784e-03
5.795181030317135898e-03
5.813511604569731456e-03
5.831924372301904198e-03
5.850417473913124139e-03
5.868991778519006691e-03
5.887650146240613717e-03
5.906391635273237212e-03
5.925219239805830374e-03
5.944136346321746492e-03
5.963143479379461216e-03
5.982245196890009255e-03
6.001444750203208459e-03
6.020744201329560411e-03
6.040148347505450155e-03
6.059660227611285421e-03
6.079282976792390984e-03
6.099019937024655579e-03
6.118874431556355596e-03
6.138849532888662058e-03
6.158946652741749753e-03
6.179169296274649760e-03
6.199519221900946092e-03
6.219995801680821418e-03
6.240602099874256042e-03
6.261338125262408058e-03
6.282202696929250173e-03
6.303197665622490252e-03
6.324321542864624716e-03
6.345573168089528593e-03
6.366953071137064837e-03
6.388459103745287512e-03
6.410090359377701441e-03
6.431846300483648124e-03
6.453725298624047799e-03
6.475726590243286764e-03
6.497849203282527082e-03
6.520093266934852069e-03
6.542458968789561721e-03
6.564945120333079420e-03
6.587551685829750280e-03
6.610282556006455597e-03
6.633136155589587635e-03
6.656112792317712794e-03
6.679216913636962932e-03
6.702449934080124093e-03
6.725812328158245652e-03
6.749307205291216714e-03
6.772940196458322563e-03
6.796711790006643855e-03
6.820624428423033118e-03
6.844684569603677778e-03
6.868893943624920437e-03
6.893255638251399690e-03
6.917773555974311185e-03
6.942451528515342259e-03
6.967292646195139862e-03
6.992300171909325221e-03
7.017476384780800894e-03
7.042824981654263565e-03
7.068349165510308396e-03
7.094049574884942443e-03
7.119928929943434084e-03
7.145990276716208608e-03
7.172234779665259859e-03
7.198662020120344396e-03
7.225275177978682760e-03
7.252076037855026067e-03
7.279062137124761404e-03
7.306236222804921021e-03
7.333599338312591157e-03
7.361151066680733657e-03
7.388891328467304433e-03
7.416821290661192688e-03
7.444941410767389779e-03
7.473251743367141479e-03
7.501752946882087048e-03
7.530445466858567624e-03
7.559331972325451787e-03
7.588412736803286894e-03
7.617688165431035253e-03
7.647159025793191962e-03
7.676827693865666095e-03
7.706698250663231164e-03
7.736770636847766815e-03
7.767046440831948742e-03
7.797531352287162022e-03
7.828227512341584191e-03
7.859136654968804092e-03
7.890262039957626067e-03
7.921610893943163353e-03
7.953184437497965234e-03
7.984986041476802368e-03
8.017021281799013854e-03
8.049295244635424479e-03
8.081810963609102269e-03
8.114572500278345243e-03
8.147586352977048696e-03
8.180855977826707523e-03
8.214385808709447762e-03
8.248180633793959077e-03
8.282245700599844343e-03
8.316585393541244334e-03
8.351203718483154667e-03
8.386103841154233726e-03
8.421290589343882402e-03
8.456767522664214443e-03
8.492537499034389856e-03
8.528604848086760934e-03
8.564972536792708063e-03
8.601643835316216333e-03
8.638622042302321682e-03
8.675910370799313348e-03
8.713511609154331317e-03
8.751428974392195734e-03
8.789665270609571535e-03
8.828224066308584458e-03
8.867108116212848654e-03
8.906320012821881266e-03
8.945862670257752683e-03
8.985740722145082321e-03
9.025956549756783409e-03
9.066513330121119679e-03
9.107415233335785371e-03
9.148666728538460205e-03
9.190271294838684574e-03
9.232233028475896400e-03
9.274557468236284061e-03
9.317249113960155218e-03
9.360312912026781326e-03
9.403754294973870262e-03
9.447579445550345970e-03
9.491793919255106168e-03
9.536403843009202963e-03
9.581415585386004671e-03
9.626835781413187881e-03
9.672671277420915106e-03
9.718929172649338685e-03
9.765616808539533469e-03
9.812741453611250816e-03
9.860310838778318238e-03
9.908332977028937519e-03
9.956816042290839511e-03
1.000576787241253159e-02
1.005519634871789199e-02
1.010511033842745147e-02
1.015551852546383443e-02
1.020642952525942400e-02
1.025785126445409763e-02
1.030979311615766447e-02
1.036226409366878751e-02
1.041527334187760702e-02
1.046882909177714559e-02
1.052294100933490011e-02
1.057761841324549382e-02
1.063287071499040108e-02
1.068870738976959549e-02
1.074513776042682750e-02
1.080217162940894961e-02
1.085981875085576497e-02
1.091808897513828897e-02
1.097699252101515775e-02
1.103654013184529083e-02
1.109674178864959032e-02
1.115760795785868641e-02
1.121914922761262264e-02
1.128137733510924980e-02
1.134430424981671542e-02
1.140794074483430717e-02
1.147229844315468539e-02
1.153738914873755558e-02
1.160322681219833237e-02
1.166982436152781688e-02
1.173719419740665813e-02
1.180534959545215951e-02
1.187430409159694750e-02
1.194407436891847807e-02
1.201467436338320323e-02
1.208611882799547933e-02
1.215842317894979922e-02
1.223160324799215000e-02
1.230567758212716863e-02
1.238066234107472983e-02
1.245657510287886786e-02
1.253343393491270982e-02
1.261125887501912159e-02
1.269006865811031330e-02
1.276988315428816481e-02
1.285072276651128519e-02
1.293260917264651456e-02
1.301556369185207646e-02
1.309960849972779950e-02
1.318476634045485409e-02
1.327106152102853695e-02
1.335851773083064804e-02
1.344715966138825686e-02
1.353701249915953593e-02
1.362810385183358709e-02
1.372045972742444615e-02
1.381410766588586636e-02
1.390907585356467198e-02
1.400539477501211785e-02
1.410309365317337707e-02
1.420220319653817120e-02
1.430275491571398813e-02
1.440478137701311709e-02
1.450831708760087595e-02
1.461339600305438559e-02
1.472005365283014962e-02
1.482832660712091188e-02
1.493825250283988340e-02
1.504987007576587439e-02
1.516321922648527706e-02
1.527834102413522938e-02
1.539527774985496693e-02
1.551407284385591598e-02
1.563477102426514762e-02
1.575741840048588277e-02
1.588206237561415324e-02
1.600875172345319827e-02
1.613753774569131813e-02
1.626847248920294114e-02
1.640160933930718407e-02
1.653700355251417481e-02
1.667471204993539388e-02
1.681479586987308025e-02
1.695731535421983113e-02
1.710233347245037477e-02
1.724991534760174014e-02
1.740012836799717522e-02
1.755304401850301538e-02
1.770873363507059761e-02
1.786727187708138376e-02
1.802873590085688621e-02
1.819320590506717794e-02
1.836076594023212244e-02
1.853150101064377636e-02
1.870549979571823479e-02
1.888285400179767065e-02
1.906365950758842978e-02
1.924801599657567294e-02
1.943602487818280045e-02
1.962779189544543168e-02
1.982342646289817281e-02
2.002304355106924311e-02
2.022676191225182898e-02
2.043470354348348242e-02
2.064699548361520129e-02
2.086377022160844363e-02
2.108516480900926582e-02
2.131132101902290243e-02
2.154238605238399662e-02
2.177851435056511742e-02
2.201986513430759587e-02
2.226660320278842087e-02
2.251889991375859851e-02
2.277693558215448943e-02
2.304089569772188248e-02
2.331097272682548793e-02
2.358736690547590803e-02
2.387028927725592942e-02
2.415995662332050958e-02
2.445659447573244466e-02
2.476043751662159592e-02
2.507173377788524810e-02
2.539073737451292764e-02
2.571771343241200172e-02
2.605293790493310585e-02
2.639670186307361763e-02
2.674930490537973105e-02
2.711106000522967019e-02
2.748229484765545363e-02
2.786335047853119584e-02
2.825458161970617957e-02
2.865635929178294433e-02
2.906907130563813474e-02
2.949312023392194199e-02
2.992892694707574575e-02
3.037693331861100743e-02
3.083759695677704832e-02
3.131139620645351229e-02
3.179883497110819190e-02
3.230043470498502461e-02
3.281674091034383900e-02
3.334832659815127609e-02
3.389578907022786081e-02
3.445975071872094120e-02
3.504086454453709393e-02
3.563981490957150722e-02
3.625731308376561185e-02
3.689410428583975166e-02
3.755097179303300281e-02
3.822873060596140155e-02
3.892823550610238770e-02
3.965038164516935387e-02
4.039610359898979097e-02
4.116638222078697340e-02
4.196224225933552210e-02
4.278475581036737807e-02
4.363504865517168346e-02
4.451429514062713033e-02
4.542372662012535145e-02
4.636463397752672855e-02
4.733836492679105445e-02
4.834633440602824350e-02
4.939002212294527766e-02
5.047097564391950925e-02
5.159082026017543232e-02
5.275125216735757766e-02
5.395404898516849984e-02
5.520107410932470482e-02
5.649427316889188422e-02
5.783568619989411241e-02
5.922744706886201582e-02
6.067178560971610290e-02
6.217104009989771890e-02
6.372765051012584114e-02
6.534416928491605658e-02
6.702326670044536638e-02
6.876773086006877922e-02
7.058047811274012484e-02
7.246455252007728831e-02
7.442313285162915903e-02
7.645953669836912103e-02
7.857722473585977696e-02
8.077980518179217473e-02
8.307103856111641704e-02
8.545484180637565041e-02
8.793529286163710712e-02
9.051663302966772573e-02
9.320327393947881733e-02
9.599979595311415592e-02
9.891095678943133407e-02
1.019416893101837834e-01
1.050971052473792383e-01
1.083824989197992167e-01
1.118033407620405706e-01
1.153652896197502470e-01
1.190741740496482071e-01
1.229360133317851517e-01
1.269569985694041225e-01
1.311434816322457064e-01
1.355019828178427588e-01
1.400391880042613502e-01
1.447619340494203932e-01
1.496771919944927809e-01
1.547920648032359292e-01
1.601137692064134865e-01
1.656496236402988653e-01
1.714070255124360842e-01
1.773934370325092880e-01
1.836163578790536155e-01
1.900833065216945561e-01
1.968017849385085283e-01
2.037792575467056166e-01
2.110231166746380782e-01
2.185406471549932172e-01
2.263389900446795833e-01
2.344251047389513121e-01
2.428057338681644250e-01
2.514873503542789379e-01
2.604761207597028894e-01
2.697778502745674656e-01
2.793979448918713637e-01
2.893413648312659348e-01
2.996125623002237615e-01
3.102154407846111073e-01
3.211533230530350114e-01
3.324288709538116282e-01
3.440440737063590326e-01
3.560001801082147699e-01
3.682976448085011345e-01
3.809361460827291879e-01
3.939145033656499262e-01
4.072306701849103816e-01
4.208816989671459452e-01
4.348637339142981117e-01
4.491719883065037333e-01
4.638007522046632136e-01
4.787433821780625598e-01
4.939923223794318585e-01
5.095391078830613374e-01
5.253744051033490958e-01
5.414880402989358243e-01
5.578690253977930391e-01
5.745056204883716156e-01
5.913853787579655963e-01
6.084952110109483892e-01
6.258214483582509313e-01
6.433499153038695351e-01
6.610660023872249047e-01
