-4.982986	14.171637
-4.977427	14.232425
-4.971867	14.293590
-4.966308	14.355135
-4.960749	14.417065
-4.955189	14.479380
-4.949630	14.542086
-4.944071	14.605185
-4.938512	14.668680
-4.932952	14.732575
-4.927393	14.796872
-4.921834	14.861575
-4.916274	14.926688
-4.910715	14.992214
-4.905156	15.058155
-4.899564	15.124517
-4.894005	15.191301
-4.888446	15.258512
-4.882887	15.326153
-4.877327	15.394228
-4.871768	15.462740
-4.866209	15.531693
-4.860649	15.601091
-4.855090	15.670937
-4.849531	15.741236
-4.843971	15.811990
-4.838412	15.883204
-4.832853	15.954882
-4.827294	16.027027
-4.821702	16.099644
-4.816143	16.172737
-4.810584	16.246309
-4.805024	16.320365
-4.799465	16.394909
-4.793906	16.469944
-4.788347	16.545476
-4.782787	16.621509
-4.777228	16.698046
-4.771669	16.775092
-4.766109	16.852652
-4.760550	16.930730
-4.754991	17.009331
-4.749431	17.088458
-4.743872	17.168117
-4.738281	17.248312
-4.732722	17.329048
-4.727162	17.410330
-4.721603	17.492162
-4.716044	17.574550
-4.710484	17.657498
-4.704925	17.741010
-4.699366	17.825093
-4.693806	17.909751
-4.688247	17.994989
-4.682688	18.080812
-4.677129	18.167226
-4.671569	18.254236
-4.666010	18.341847
-4.660451	18.430065
-4.654891	18.518894
-4.649300	18.608341
-4.643741	18.698411
-4.638182	18.789110
-4.632622	18.880443
-4.627063	18.972416
-4.621504	19.065035
-4.615944	19.158306
-4.610385	19.252234
-4.604826	19.346826
-4.599266	19.442088
-4.593707	19.538026
-4.588148	19.634646
-4.582589	19.731954
-4.577029	19.829957
-4.571470	19.928661
-4.565879	20.028073
-4.560319	20.128199
-4.554760	20.229045
-4.549201	20.330619
-4.543641	20.432928
-4.538082	20.535977
-4.532523	20.639775
-4.526964	20.744327
-4.521404	20.849642
-4.515845	20.955726
-4.510286	21.062587
-4.504726	21.170232
-4.499167	21.278668
-4.493608	21.387903
-4.488048	21.497944
-4.482457	21.608800
-4.476898	21.720478
-4.471339	21.832985
-4.465779	21.946330
-4.460220	22.060521
-4.454661	22.175566
-4.449101	22.291472
-4.443542	22.408250
-4.437983	22.525906
-4.432423	22.644450
-4.426864	22.763889
-4.421305	22.884234
-4.415746	23.005492
-4.410186	23.127673
-4.404627	23.250785
-4.399036	23.374838
-4.393476	23.499841
-4.387917	23.625803
-4.382358	23.752734
-4.376799	23.880643
-4.371239	24.009541
-4.365680	24.139436
-4.360121	24.270339
-4.354561	24.402260
-4.349002	24.535209
-4.343443	24.669197
-4.337883	24.804233
-4.332324	24.940328
-4.326765	25.077494
-4.321206	25.215740
-4.315614	25.355078
-4.310055	25.495519
-4.304496	25.637074
-4.298936	25.779754
-4.293377	25.923571
-4.287818	26.068536
-4.282258	26.214662
-4.276699	26.361960
-4.271140	26.510441
-4.265581	26.660120
-4.260021	26.811007
-4.254462	26.963115
-4.248903	27.116457
-4.243343	27.271046
-4.237784	27.426894
-4.232193	27.584016
-4.226634	27.742423
-4.221074	27.902130
-4.215515	28.063150
-4.209956	28.225498
-4.204396	28.389186
-4.198837	28.554230
-4.193278	28.720643
-4.187718	28.888441
-4.182159	29.057637
-4.176600	29.228247
-4.171041	29.400285
-4.165481	29.573768
-4.159922	29.748710
-4.154363	29.925128
-4.148771	30.103037
-4.143212	30.282452
-4.137653	30.463392
-4.132093	30.645871
-4.126534	30.829907
-4.120975	31.015516
-4.115416	31.202717
-4.109856	31.391525
-4.104297	31.581959
-4.098738	31.774037
-4.093178	31.967776
-4.087619	32.163195
-4.082060	32.360313
-4.076500	32.559147
-4.070941	32.759718
-4.065350	32.962045
-4.059791	33.166146
-4.054231	33.372042
-4.048672	33.579754
-4.043113	33.789300
-4.037553	34.000702
-4.031994	34.213981
-4.026435	34.429157
-4.020876	34.646253
-4.015316	34.865289
-4.009757	35.086289
-4.004198	35.309274
-3.998638	35.534266
-3.993079	35.761289
-3.987520	35.990366
-3.981960	36.221520
-3.976369	36.454776
-3.970810	36.690157
-3.965251	36.927688
-3.959691	37.167394
-3.954132	37.409299
-3.948573	37.653430
-3.943013	37.899812
-3.937454	38.148472
-3.931895	38.399436
-3.926336	38.652731
-3.920776	38.908384
-3.915217	39.166423
-3.909658	39.426876
-3.904098	39.689771
-3.898539	39.955138
-3.892948	40.223005
-3.887388	40.493403
-3.881829	40.766361
-3.876270	41.041910
-3.870711	41.320080
-3.865151	41.600904
-3.859592	41.884412
-3.854033	42.170637
-3.848473	42.459613
-3.842914	42.751371
-3.837355	43.045945
-3.831795	43.343371
-3.826236	43.643681
-3.820677	43.946911
-3.815086	44.253098
-3.809526	44.562276
-3.803967	44.874482
-3.798408	45.189754
-3.792848	45.508130
-3.787289	45.829646
-3.781730	46.154342
-3.776171	46.482258
-3.770611	46.813433
-3.765052	47.147907
-3.759493	47.485721
-3.753933	47.826917
-3.748374	48.171538
-3.742815	48.519625
-3.737255	48.871223
-3.731696	49.226374
-3.726105	49.585125
-3.720546	49.947520
-3.714986	50.313605
-3.709427	50.683427
-3.703868	51.057033
-3.698308	51.434471
-3.692749	51.815789
-3.687190	52.201038
-3.681630	52.590267
-3.676071	52.983527
-3.670512	53.380870
-3.664953	53.782347
-3.659393	54.188013
-3.653834	54.597921
-3.648275	55.012125
-3.642683	55.430682
-3.637124	55.853647
-3.631565	56.281078
-3.626005	56.713032
-3.620446	57.149569
-3.614887	57.590748
-3.609328	58.036629
-3.603768	58.487275
-3.598209	58.942747
-3.592650	59.403109
-3.587090	59.868425
-3.581531	60.338761
-3.575972	60.814182
-3.570412	61.294755
-3.564853	61.780549
-3.559262	62.271633
-3.553703	62.768077
-3.548143	63.269952
-3.542584	63.777331
-3.537025	64.290287
-3.531465	64.808893
-3.525906	65.333227
-3.520347	65.863364
-3.514788	66.399383
-3.509228	66.941362
-3.503669	67.489381
-3.498110	68.043522
-3.492550	68.603867
-3.486991	69.170500
-3.481432	69.743506
-3.475840	70.322972
-3.470281	70.908984
-3.464722	71.501632
-3.459163	72.101006
-3.453603	72.707197
-3.448044	73.320299
-3.442485	73.940404
-3.436925	74.567610
-3.431366	75.202013
-3.425807	75.843712
-3.420247	76.492806
-3.414688	77.149397
-3.409129	77.813588
-3.403570	78.485483
-3.398010	79.165188
-3.392419	79.852810
-3.386860	80.548460
-3.381300	81.252247
-3.375741	81.964283
-3.370182	82.684683
-3.364623	83.413562
-3.359063	84.151037
-3.353504	84.897228
-3.347945	85.652254
-3.342385	86.416239
-3.336826	87.189307
-3.331267	87.971583
-3.325707	88.763195
-3.320148	89.564274
-3.314589	90.374949
-3.308998	91.195355
-3.303438	92.025627
-3.297879	92.865902
-3.292320	93.716318
-3.286760	94.577018
-3.281201	95.448143
-3.275642	96.329838
-3.270083	97.222252
-3.264523	98.125531
-3.258964	99.039828
-3.253405	99.965296
-3.247845	100.902089
-3.242286	101.850366
-3.236727	102.810284
-3.231167	103.782006
-3.225576	104.765695
-3.220017	105.761517
-3.214458	106.769640
-3.208898	107.790233
-3.203339	108.823470
-3.197780	109.869525
-3.192220	110.928575
-3.186661	112.000797
-3.181102	113.086375
-3.175542	114.185490
-3.169983	115.298330
-3.164424	116.425081
-3.158865	117.565934
-3.153305	118.721081
-3.147746	119.890718
-3.142155	121.075041
-3.136595	122.274249
-3.131036	123.488545
-3.125477	124.718131
-3.119918	125.963214
-3.114358	127.224003
-3.108799	128.500707
-3.103240	129.793539
-3.097680	131.102715
-3.092121	132.428451
-3.086562	133.770967
-3.081002	135.130484
-3.075443	136.507225
-3.069884	137.901416
-3.064325	139.313286
-3.058765	140.743062
-3.053174	142.190977
-3.047615	143.657265
-3.042055	145.142160
-3.036496	146.645900
-3.030937	148.168724
-3.025377	149.710873
-3.019818	151.272589
-3.014259	152.854115
-3.008700	154.455698
-3.003140	156.077584
-2.997581	157.720021
-2.992022	159.383260
-2.986462	161.067550
-2.980903	162.773143
-2.975344	164.500292
-2.969753	166.249251
-2.964193	168.020273
-2.958634	169.813614
-2.953075	171.629530
-2.947515	173.468275
-2.941956	175.330106
-2.936397	177.215279
-2.930837	179.124050
-2.925278	181.056674
-2.919719	183.013407
-2.914160	184.994504
-2.908600	187.000217
-2.903041	189.030800
-2.897482	191.086504
-2.891890	193.167580
-2.886331	195.274275
-2.880772	197.406837
-2.875212	199.565510
-2.869653	201.750535
-2.864094	203.962152
-2.858535	206.200597
-2.852975	208.466103
-2.847416	210.758900
-2.841857	213.079214
-2.836297	215.427266
-2.830738	217.803273
-2.825179	220.207448
-2.819619	222.639997
-2.814060	225.101122
-2.808501	227.591018
-2.802910	230.109876
-2.797350	232.657877
-2.791791	235.235197
-2.786232	237.842004
-2.780672	240.478457
-2.775113	243.144710
-2.769554	245.840903
-2.763995	248.567171
-2.758435	251.323638
-2.752876	254.110417
-2.747317	256.927610
-2.741757	259.775309
-2.736198	262.653593
-2.730639	265.562530
-2.725079	268.502175
-2.719488	271.472568
-2.713929	274.473738
-2.708370	277.505696
-2.702810	280.568441
-2.697251	283.661955
-2.691692	286.786204
-2.686132	289.941139
-2.680573	293.126691
-2.675014	296.342774
-2.669454	299.589286
-2.663895	302.866104
-2.658336	306.173084
-2.652777	309.510066
-2.647217	312.876866
-2.641658	316.273280
-2.636067	319.699083
-2.630507	323.154026
-2.624948	326.637840
-2.619389	330.150230
-2.613829	333.690879
-2.608270	337.259445
-2.602711	340.855562
-2.597152	344.478838
-2.591592	348.128857
-2.586033	351.805176
-2.580474	355.507326
-2.574914	359.234812
-2.569355	362.987110
-2.563796	366.763673
-2.558236	370.563923
-2.552645	374.387256
-2.547086	378.233040
-2.541527	382.100615
-2.535967	385.989293
-2.530408	389.898360
-2.524849	393.827072
-2.519289	397.774657
-2.513730	401.740318
-2.508171	405.723227
-2.502612	409.722531
-2.497052	413.737350
-2.491493	417.766776
-2.485934	421.809877
-2.480374	425.865693
-2.474815	429.933239
-2.469224	434.011508
-2.463664	438.099465
-2.458105	442.196055
-2.452546	446.300199
-2.446987	450.410796
-2.441427	454.526726
-2.435868	458.646848
-2.430309	462.770001
-2.424749	466.895009
-2.419190	471.020677
-2.413631	475.145798
-2.408071	479.269146
-2.402512	483.389487
-2.396953	487.505573
-2.391394	491.616148
-2.385834	495.719945
-2.380243	499.815693
-2.374684	503.902114
-2.369124	507.977926
-2.363565	512.041847
-2.358006	516.092593
-2.352447	520.128881
-2.346887	524.149433
-2.341328	528.152975
-2.335769	532.138238
-2.330209	536.103964
-2.324650	540.048905
-2.319091	543.971823
-2.313531	547.871496
-2.307972	551.746716
-2.302381	555.596295
-2.296822	559.419061
-2.291262	563.213865
-2.285703	566.979580
-2.280144	570.715105
-2.274584	574.419361
-2.269025	578.091302
-2.263466	581.729906
-2.257907	585.334185
-2.252347	588.903183
-2.246788	592.435974
-2.241229	595.931671
-2.235669	599.389422
-2.230110	602.808409
-2.224551	606.187857
-2.218959	609.527028
-2.213400	612.825223
-2.207841	616.081786
-2.202282	619.296102
-2.196722	622.467598
-2.191163	625.595746
-2.185604	628.680059
-2.180044	631.720095
-2.174485	634.715456
-2.168926	637.665788
-2.163366	640.570781
-2.157807	643.430170
-2.152248	646.243735
-2.146689	649.011298
-2.141129	651.732725
-2.135570	654.407927
-2.129979	657.036854
-2.124419	659.619502
-2.118860	662.155906
-2.113301	664.646142
-2.107742	667.090326
-2.102182	669.488612
-2.096623	671.841194
-2.091064	674.148298
-2.085504	676.410191
-2.079945	678.627170
-2.074386	680.799566
-2.068826	682.927743
-2.063267	685.012095
-2.057708	687.053041
-2.052149	689.051033
-2.046557	691.006546
-2.040998	692.920077
-2.035439	694.792151
-2.029879	696.623309
-2.024320	698.414114
-2.018761	700.165149
-2.013201	701.877009
-2.007642	703.550307
-2.002083	705.185669
-1.996524	706.783732
-1.990964	708.345144
-1.985405	709.870561
-1.979846	711.360648
-1.974286	712.816074
-1.968695	714.237514
-1.963136	715.625645
-1.957577	716.981149
-1.952017	718.304705
-1.946458	719.596994
-1.940899	720.858695
-1.935339	722.090485
-1.929780	723.293037
-1.924221	724.467020
-1.918661	725.613097
-1.913102	726.731926
-1.907543	727.824159
-1.901984	728.890438
-1.896424	729.931399
-1.890865	730.947670
-1.885306	731.939869
-1.879714	732.908605
-1.874155	733.854477
-1.868596	734.778075
-1.863036	735.679977
-1.857477	736.560753
-1.851918	737.420960
-1.846359	738.261146
-1.840799	739.081849
-1.835240	739.883594
-1.829681	740.666896
-1.824121	741.432262
-1.818562	742.180185
-1.813003	742.911149
-1.807443	743.625627
-1.801884	744.324084
-1.796293	745.006973
-1.790734	745.674736
-1.785174	746.327808
-1.779615	746.966613
-1.774056	747.591566
-1.768496	748.203071
-1.762937	748.801526
-1.757378	749.387317
-1.751818	749.960825
-1.746259	750.522417
-1.740700	751.072456
-1.735141	751.611295
-1.729581	752.139278
-1.724022	752.656742
-1.718463	753.164015
-1.712871	753.661417
-1.707312	754.149260
-1.701753	754.627847
-1.696194	755.097476
-1.690634	755.558433
-1.685075	756.010999
-1.679516	756.455447
-1.673956	756.892039
-1.668397	757.321032
-1.662838	757.742675
-1.657278	758.157207
-1.651719	758.564861
-1.646160	758.965862
-1.640601	759.360425
-1.635041	759.748759
-1.629450	760.131066
-1.623891	760.507538
-1.618331	760.878360
-1.612772	761.243710
-1.607213	761.603758
-1.601653	761.958666
-1.596094	762.308590
-1.590535	762.653678
-1.584976	762.994071
-1.579416	763.329902
-1.573857	763.661300
-1.568298	763.988387
-1.562738	764.311276
-1.557179	764.630076
-1.551620	764.944893
-1.546029	765.255822
-1.540469	765.562958
-1.534910	765.866387
-1.529351	766.166195
-1.523791	766.462460
-1.518232	766.755257
-1.512673	767.044658
-1.507113	767.330733
-1.501554	767.613546
-1.495995	767.893160
-1.490436	768.169637
-1.484876	768.443034
-1.479317	768.713408
-1.473758	768.980815
-1.468198	769.245308
-1.462639	769.506941
-1.457048	769.765764
-1.451488	770.021829
-1.445929	770.275188
-1.440370	770.525889
-1.434811	770.773985
-1.429251	771.019523
-1.423692	771.262555
-1.418133	771.503130
-1.412573	771.741298
-1.407014	771.977109
-1.401455	772.210613
-1.395895	772.441860
-1.390336	772.670898
-1.384777	772.897779
-1.379186	773.122551
-1.373626	773.345262
-1.368067	773.565962
-1.362508	773.784699
-1.356948	774.001518
-1.351389	774.216466
-1.345830	774.429588
-1.340271	774.640929
-1.334711	774.850529
-1.329152	775.058431
-1.323593	775.264674
-1.318033	775.469294
-1.312474	775.672329
-1.306915	775.873810
-1.301355	776.073771
-1.295764	776.272240
-1.290205	776.469244
-1.284646	776.664808
-1.279086	776.858955
-1.273527	777.051705
-1.267968	777.243075
-1.262408	777.433082
-1.256849	777.621738
-1.251290	777.809055
-1.245731	777.995042
-1.240171	778.179706
-1.234612	778.363052
-1.229053	778.545084
-1.223493	778.725804
-1.217934	778.905213
-1.212375	779.083309
-1.206783	779.260092
-1.201224	779.435559
-1.195665	779.609708
-1.190106	779.782535
-1.184546	779.954035
-1.178987	780.124207
-1.173428	780.293047
-1.167868	780.460551
-1.162309	780.626717
-1.156750	780.791544
-1.151190	780.955032
-1.145631	781.117180
-1.140072	781.277991
-1.134513	781.437466
-1.128953	781.595612
-1.123362	781.752434
-1.117803	781.907939
-1.112243	782.062136
-1.106684	782.215036
-1.101125	782.366652
-1.095566	782.516997
-1.090006	782.666088
-1.084447	782.813940
-1.078888	782.960572
-1.073328	783.106003
-1.067769	783.250256
-1.062210	783.393350
-1.056650	783.535309
-1.051091	783.676157
-1.045532	783.815916
-1.039941	783.954612
-1.034381	784.092268
-1.028822	784.228909
-1.023263	784.364559
-1.017703	784.499242
-1.012144	784.632981
-1.006585	784.765798
-1.001025	784.897715
-0.995466	785.028752
-0.989907	785.158928
-0.984348	785.288261
-0.978788	785.416767
-0.973229	785.544460
-0.967670	785.671353
-0.962110	785.797459
-0.956519	785.922785
-0.950960	786.047340
-0.945401	786.171129
-0.939841	786.294156
-0.934282	786.416423
-0.928723	786.537931
-0.923163	786.658678
-0.917604	786.778662
-0.912045	786.897879
-0.906485	787.016322
-0.900926	787.133987
-0.895367	787.250864
-0.889807	787.366945
-0.884248	787.482222
-0.878689	787.596685
-0.873098	787.710325
-0.867538	787.823130
-0.861979	787.935093
-0.856420	788.046203
-0.850860	788.156451
-0.845301	788.265829
-0.839742	788.374330
-0.834183	788.481947
-0.828623	788.588676
-0.823064	788.694511
-0.817505	788.799451
-0.811945	788.903494
-0.806386	789.006641
-0.800827	789.108893
-0.795267	789.210256
-0.789676	789.310733
-0.784117	789.410332
-0.778558	789.509062
-0.772998	789.606933
-0.767439	789.703958
-0.761880	789.800148
-0.756320	789.895520
-0.750761	789.990090
-0.745202	790.083873
-0.739642	790.176889
-0.734083	790.269156
-0.728524	790.360693
-0.722965	790.451522
-0.717405	790.541661
-0.711846	790.631131
-0.706255	790.719952
-0.700695	790.808145
-0.695136	790.895727
-0.689577	790.982719
-0.684018	791.069138
-0.678458	791.155001
-0.672899	791.240323
-0.667340	791.325119
-0.661780	791.409401
-0.656221	791.493182
-0.650662	791.576469
-0.645102	791.659273
-0.639543	791.741598
-0.633984	791.823449
-0.628425	791.904830
-0.622833	791.985739
-0.617274	792.066178
-0.611715	792.146142
-0.606155	792.225628
-0.600596	792.304629
-0.595037	792.383139
-0.589477	792.461148
-0.583918	792.538647
-0.578359	792.615625
-0.572800	792.692069
-0.567240	792.767969
-0.561681	792.843309
-0.556122	792.918078
-0.550562	792.992261
-0.545003	793.065846
-0.539444	793.138819
-0.533853	793.211167
-0.528293	793.282878
-0.522734	793.353941
-0.517175	793.424346
-0.511615	793.494083
-0.506056	793.563145
-0.500497	793.631524
-0.494937	793.699216
-0.489378	793.766217
-0.483819	793.832525
-0.478260	793.898140
-0.472700	793.963063
-0.467141	794.027297
-0.461582	794.090848
-0.455990	794.153721
-0.450431	794.215925
-0.444872	794.277470
-0.439312	794.338366
-0.433753	794.398627
-0.428194	794.458265
-0.422635	794.517296
-0.417075	794.575735
-0.411516	794.633599
-0.405957	794.690904
-0.400397	794.747667
-0.394838	794.803907
-0.389279	794.859640
-0.383720	794.914885
-0.378160	794.969657
-0.372569	795.023974
-0.367010	795.077850
-0.361450	795.131301
-0.355891	795.184340
-0.350332	795.236980
-0.344772	795.289231
-0.339213	795.341103
-0.333654	795.392603
-0.328095	795.443740
-0.322535	795.494516
-0.316976	795.544934
-0.311417	795.594996
-0.305857	795.644702
-0.300298	795.694047
-0.294739	795.743028
-0.289179	795.791640
-0.283588	795.839873
-0.278029	795.887721
-0.272470	795.935171
-0.266910	795.982213
-0.261351	796.028834
-0.255792	796.075020
-0.250232	796.120756
-0.244673	796.166028
-0.239114	796.210820
-0.233555	796.255116
-0.227995	796.298902
-0.222436	796.342161
-0.216877	796.384878
-0.211317	796.427039
-0.205758	796.468630
-0.200167	796.509638
-0.194607	796.550051
-0.189048	796.589859
-0.183489	796.629051
-0.177930	796.667620
-0.172370	796.705560
-0.166811	796.742865
-0.161252	796.779534
-0.155692	796.815563
-0.150133	796.850954
-0.144574	796.885708
-0.139014	796.919829
-0.133455	796.953323
-0.127896	796.986195
-0.122337	797.018456
-0.116745	797.050113
-0.111186	797.081179
-0.105627	797.111666
-0.100067	797.141586
-0.094508	797.170953
-0.088949	797.199783
-0.083390	797.228090
-0.077830	797.255889
-0.072271	797.283195
-0.066712	797.310025
-0.061152	797.336393
-0.055593	797.362313
-0.050034	797.387799
-0.044474	797.412864
-0.038915	797.437520
-0.033324	797.461778
-0.027765	797.485647
-0.022205	797.509135
-0.016646	797.532249
-0.011087	797.554994
-0.005527	797.577371
0.000032	797.599384
0.005591	797.621031
0.011151	797.642310
0.016710	797.663218
0.022269	797.683748
0.027828	797.703892
0.033388	797.723643
0.038947	797.742988
0.044506	797.761916
0.050098	797.780414
0.055657	797.798466
0.061216	797.816058
0.066776	797.833172
0.072335	797.849792
0.077894	797.865900
0.083453	797.881477
0.089013	797.896506
0.094572	797.910969
0.100131	797.924848
0.105691	797.938126
0.111250	797.950785
0.116809	797.962811
0.122369	797.974187
0.127928	797.984901
0.133519	797.994940
0.139078	798.004292
0.144638	798.012948
0.150197	798.020900
0.155756	798.028141
0.161316	798.034666
0.166875	798.040472
0.172434	798.045558
0.177993	798.049923
0.183553	798.053570
0.189112	798.056503
0.194671	798.058725
0.200231	798.060244
0.205790	798.061066
0.211349	798.061202
0.216941	798.060660
0.222500	798.059451
0.228059	798.057588
0.233618	798.055081
0.239178	798.051942
0.244737	798.048186
0.250296	798.043822
0.255856	798.038865
0.261415	798.033325
0.266974	798.027213
0.272534	798.020540
0.278093	798.013316
0.283652	798.005547
0.289211	797.997241
0.294771	797.988404
0.300362	797.979039
0.305921	797.969149
0.311481	797.958734
0.317040	797.947793
0.322599	797.936324
0.328158	797.924321
0.333718	797.911777
0.339277	797.898685
0.344836	797.885035
0.350396	797.870813
0.355955	797.856008
0.361514	797.840603
0.367074	797.824582
0.372633	797.807928
0.378192	797.790622
0.383751	797.772644
0.389343	797.753973
0.394902	797.734588
0.400461	797.714468
0.406021	797.693591
0.411580	797.671935
0.417139	797.649477
0.422699	797.626198
0.428258	797.602075
0.433817	797.577090
0.439376	797.551221
0.444936	797.524452
0.450495	797.496764
0.456054	797.468143
0.461614	797.438573
0.467173	797.408043
0.472764	797.376540
0.478323	797.344054
0.483883	797.310579
0.489442	797.276107
0.495001	797.240634
0.500561	797.204157
0.506120	797.166674
0.511679	797.128186
0.517239	797.088695
0.522798	797.048204
0.528357	797.006716
0.533916	796.964238
0.539476	796.920775
0.545035	796.876335
0.550626	796.830926
0.556186	796.784557
0.561745	796.737235
0.567304	796.688970
0.572863	796.639770
0.578423	796.589645
0.583982	796.538601
0.589541	796.486646
0.595101	796.433788
0.600660	796.380032
0.606219	796.325382
0.611779	796.269843
0.617338	796.213416
0.622897	796.156103
0.628456	796.097903
0.634016	796.038815
0.639607	795.978834
0.645166	795.917956
0.650726	795.856175
0.656285	795.793482
0.661844	795.729868
0.667404	795.665322
0.672963	795.599833
0.678522	795.533387
0.684081	795.465971
0.689641	795.397569
0.695200	795.328167
0.700759	795.257747
0.706319	795.186295
0.711878	795.113793
0.717437	795.040226
0.723028	794.965577
0.728588	794.889833
0.734147	794.812978
0.739706	794.734999
0.745266	794.655884
0.750825	794.575623
0.756384	794.494208
0.761944	794.411631
0.767503	794.327887
0.773062	794.242974
0.778621	794.156892
0.784181	794.069644
0.789740	793.981234
0.795299	793.891671
0.800859	793.800965
0.806450	793.709129
0.812009	793.616180
0.817569	793.522138
0.823128	793.427024
0.828687	793.330864
0.834246	793.233686
0.839806	793.135520
0.845365	793.036400
0.850924	792.936360
0.856484	792.835440
0.862043	792.733678
0.867602	792.631119
0.873162	792.527804
0.878721	792.423780
0.884280	792.319094
0.889871	792.213793
0.895431	792.107927
0.900990	792.001546
0.906549	791.894699
0.912109	791.787438
0.917668	791.679812
0.923227	791.571873
0.928786	791.463670
0.934346	791.355253
0.939905	791.246671
0.945464	791.137970
0.951024	791.029199
0.956583	790.920403
0.962142	790.811625
0.967702	790.702909
0.973293	790.594295
0.978852	790.485824
0.984411	790.377532
0.989971	790.269457
0.995530	790.161631
1.001089	790.054089
1.006649	789.946861
1.012208	789.839976
1.017767	789.733461
1.023327	789.627343
1.028886	789.521645
1.034445	789.416392
1.040004	789.311604
1.045564	789.207301
1.051123	789.103503
1.056714	789.000228
1.062274	788.897494
1.067833	788.795316
1.073392	788.693710
1.078952	788.592691
1.084511	788.492275
1.090070	788.392475
1.095629	788.293305
1.101189	788.194779
1.106748	788.096911
1.112307	787.999714
1.117867	787.903201
1.123426	787.807387
1.128985	787.712286
1.134545	787.617910
1.140136	787.524275
1.145695	787.431394
1.151254	787.339280
1.156814	787.247950
1.162373	787.157416
1.167932	787.067692
1.173492	786.978794
1.179051	786.890734
1.184610	786.803527
1.190169	786.717186
1.195729	786.631723
1.201288	786.547150
1.206847	786.463481
1.212407	786.380725
1.217966	786.298893
1.223557	786.217993
1.229117	786.138035
1.234676	786.059025
1.240235	785.980969
1.245794	785.903871
1.251354	785.827735
1.256913	785.752564
1.262472	785.678356
1.268032	785.605112
1.273591	785.532828
1.279150	785.461502
1.284710	785.391126
1.290269	785.321694
1.295828	785.253198
1.301387	785.185628
1.306947	785.118973
1.312538	785.053220
1.318097	784.988355
1.323657	784.924364
1.329216	784.861231
1.334775	784.798939
1.340334	784.737472
1.345894	784.676810
1.351453	784.616936
1.357012	784.557831
1.362572	784.499476
1.368131	784.441851
1.373690	784.384938
1.379250	784.328719
1.384809	784.273174
1.390368	784.218286
1.395959	784.164037
1.401519	784.110412
1.407078	784.057395
1.412637	784.004970
1.418197	783.953125
1.423756	783.901847
1.429315	783.851124
1.434874	783.800947
1.440434	783.751307
1.445993	783.702196
1.451552	783.653608
1.457112	783.605538
1.462671	783.557982
1.468230	783.510938
1.473822	783.464405
1.479381	783.418381
1.484940	783.372869
1.490499	783.327869
1.496059	783.283384
1.501618	783.239417
1.507177	783.195972
1.512737	783.153052
1.518296	783.110663
1.523855	783.068809
1.529415	783.027495
1.534974	782.986725
1.540533	782.946504
1.546092	782.906836
1.551652	782.867724
1.557211	782.829172
1.562802	782.791182
1.568362	782.753755
1.573921	782.716892
1.579480	782.680593
1.585039	782.644856
1.590599	782.609680
1.596158	782.575059
1.601717	782.540991
1.607277	782.507468
1.612836	782.474485
1.618395	782.442031
1.623955	782.410100
1.629514	782.378679
1.635073	782.347758
1.640632	782.317324
1.646224	782.287365
1.651783	782.257865
1.657342	782.228812
1.662902	782.200189
1.668461	782.171982
1.674020	782.144174
1.679580	782.116749
1.685139	782.089692
1.690698	782.062987
1.696257	782.036618
1.701817	782.010569
1.707376	781.984827
1.712935	781.959377
1.718495	781.934205
1.724054	781.909299
1.729645	781.884647
1.735204	781.860240
1.740764	781.836066
1.746323	781.812119
1.751882	781.788391
1.757442	781.764876
1.763001	781.741569
1.768560	781.718468
1.774120	781.695569
1.779679	781.672874
1.785238	781.650381
1.790797	781.628092
1.796357	781.606011
1.801916	781.584140
1.807475	781.562485
1.813067	781.541050
1.818626	781.519843
1.824185	781.498869
1.829745	781.478136
1.835304	781.457652
1.840863	781.437424
1.846422	781.417460
1.851982	781.397769
1.857541	781.378357
1.863100	781.359232
1.868660	781.340401
1.874219	781.321871
1.879778	781.303646
1.885338	781.285732
1.890897	781.268133
1.896488	781.250852
1.902047	781.233891
1.907607	781.217250
1.913166	781.200929
1.918725	781.184928
1.924285	781.169242
1.929844	781.153870
1.935403	781.138805
1.940963	781.124041
1.946522	781.109571
1.952081	781.095386
1.957640	781.081478
1.963200	781.067836
1.968759	781.054449
1.974318	781.041305
1.979878	781.028392
1.985469	781.015696
1.991028	781.003205
1.996587	780.990904
2.002147	780.978781
2.007706	780.966821
2.013265	780.955011
2.018825	780.943338
2.024384	780.931789
2.029943	780.920351
2.035503	780.909013
2.041062	780.897765
2.046621	780.886596
2.052180	780.875497
2.057740	780.864461
2.063331	780.853480
2.068890	780.842549
2.074450	780.831663
2.080009	780.820820
2.085568	780.810016
2.091128	780.799253
2.096687	780.788529
2.102246	780.777847
2.107805	780.767209
2.113365	780.756620
2.118924	780.746085
2.124483	780.735609
2.130043	780.725199
2.135602	780.714864
2.141161	780.704610
2.146752	780.694448
2.152312	780.684385
2.157871	780.674432
2.163430	780.664597
2.168990	780.654890
2.174549	780.645321
2.180108	780.635899
2.185668	780.626631
2.191227	780.617527
2.196786	780.608594
2.202345	780.599838
2.207905	780.591266
2.213464	780.582881
2.219023	780.574689
2.224583	780.566691
2.230142	780.558890
2.235733	780.551286
2.241293	780.543878
2.246852	780.536665
2.252411	780.529642
2.257970	780.522806
2.263530	780.516152
2.269089	780.509672
2.274648	780.503358
2.280208	780.497204
2.285767	780.491198
2.291326	780.485330
2.296886	780.479590
2.302445	780.473966
2.308004	780.468446
2.313563	780.463018
2.319155	780.457668
2.324714	780.452386
2.330273	780.447157
2.335833	780.441970
2.341392	780.436813
2.346951	780.431675
2.352510	780.426544
2.358070	780.421411
2.363629	780.416265
2.369188	780.411100
2.374748	780.405907
2.380307	780.400680
2.385866	780.395414
2.391426	780.390104
2.396985	780.384749
2.402576	780.379346
2.408135	780.373896
2.413695	780.368398
2.419254	780.362855
2.424813	780.357272
2.430373	780.351651
2.435932	780.345998
2.441491	780.340320
2.447050	780.334625
2.452610	780.328920
2.458169	780.323214
2.463728	780.317517
2.469288	780.311838
2.474847	780.306187
2.480406	780.300576
2.485998	780.295013
2.491557	780.289510
2.497116	780.284077
2.502675	780.278723
2.508235	780.273457
2.513794	780.268288
2.519353	780.263224
2.524913	780.258273
2.530472	780.253439
2.536031	780.248729
2.541591	780.244147
2.547150	780.239695
2.552709	780.235375
2.558268	780.231189
2.563828	780.227135
2.569419	780.223212
2.574978	780.219417
2.580538	780.215746
2.586097	780.212193
2.591656	780.208752
2.597215	780.205416
2.602775	780.202177
2.608334	780.199025
2.613893	780.195950
2.619453	780.192943
2.625012	780.189993
2.630571	780.187087
2.636131	780.184215
2.641690	780.181364
2.647249	780.178524
2.652840	780.175683
2.658400	780.172829
2.663959	780.169953
2.669518	780.167043
2.675078	780.164090
2.680637	780.161086
2.686196	780.158023
2.691756	780.154893
2.697315	780.151691
2.702874	780.148413
2.708433	780.145054
2.713993	780.141612
2.719552	780.138087
2.725111	780.134478
2.730671	780.130787
2.736262	780.127016
2.741821	780.123170
2.747380	780.119252
2.752940	780.115270
2.758499	780.111231
2.764058	780.107141
2.769618	780.103011
2.775177	780.098850
2.780736	780.094668
2.786296	780.090476
2.791855	780.086284
2.797414	780.082105
2.802974	780.077949
2.808533	780.073829
2.814092	780.069755
2.819683	780.065738
2.825243	780.061788
2.830802	780.057917
2.836361	780.054133
2.841921	780.050444
2.847480	780.046859
2.853039	780.043383
2.858598	780.040023
2.864158	780.036784
2.869717	780.033668
2.875276	780.030678
2.880836	780.027815
2.886395	780.025078
2.891954	780.022467
2.897514	780.019978
2.903073	780.017608
2.908664	780.015352
2.914223	780.013203
2.919783	780.011156
2.925342	780.009201
2.930901	780.007331
2.936461	780.005536
2.942020	780.003806
2.947579	780.002130
2.953139	780.000499
2.958698	779.998901
2.964257	779.997325
2.969816	779.995761
2.975376	779.994197
2.980935	779.992623
2.986526	779.991030
2.992086	779.989409
2.997645	779.987750
3.003204	779.986045
3.008763	779.984289
3.014323	779.982475
3.019882	779.980598
3.025441	779.978655
3.031001	779.976642
3.036560	779.974559
3.042119	779.972405
3.047679	779.970182
3.053238	779.967891
3.058797	779.965536
3.064356	779.963122
3.069948	779.960654
3.075507	779.958139
3.081066	779.955585
3.086626	779.953000
3.092185	779.950393
3.097744	779.947774
3.103304	779.945154
3.108863	779.942543
3.114422	779.939953
3.119981	779.937394
3.125541	779.934878
3.131100	779.932416
3.136659	779.930018
3.142219	779.927696
3.147778	779.925459
3.153337	779.923315
3.158928	779.921275
3.164488	779.919346
3.170047	779.917533
3.175606	779.915844
3.181166	779.914282
3.186725	779.912851
3.192284	779.911553
3.197844	779.910390
3.203403	779.909361
3.208962	779.908465
3.214521	779.907698
3.220081	779.907059
3.225640	779.906540
3.231199	779.906137
3.236759	779.905842
3.242350	779.905648
3.247909	779.905544
3.253468	779.905523
3.259028	779.905573
3.264587	779.905683
3.270146	779.905844
3.275706	779.906042
3.281265	779.906268
3.286824	779.906509
3.292384	779.906754
3.297943	779.906992
3.303502	779.907213
3.309061	779.907406
3.314621	779.907561
3.320180	779.907671
3.325771	779.907728
3.331331	779.907724
3.336890	779.907654
3.342449	779.907513
3.348009	779.907297
3.353568	779.907005
3.359127	779.906635
3.364686	779.906186
3.370246	779.905661
3.375805	779.905062
3.381364	779.904393
3.386924	779.903658
3.392483	779.902863
3.398042	779.902015
3.403602	779.901123
3.409193	779.900193
3.414752	779.899237
3.420311	779.898263
3.425871	779.897282
3.431430	779.896304
3.436989	779.895341
3.442549	779.894404
3.448108	779.893503
3.453667	779.892649
3.459226	779.891853
3.464786	779.891125
3.470345	779.890473
3.475904	779.889907
3.481464	779.889435
3.487023	779.889063
3.492614	779.888798
3.498174	779.888644
3.503733	779.888606
3.509292	779.888686
3.514851	779.888886
3.520411	779.889206
3.525970	779.889645
3.531529	779.890200
3.537089	779.890870
3.542648	779.891648
3.548207	779.892530
3.553767	779.893509
3.559326	779.894577
3.564885	779.895726
3.570444	779.896946
3.576036	779.898227
3.581595	779.899560
3.587154	779.900932
3.592714	779.902333
3.598273	779.903751
3.603832	779.905176
3.609391	779.906595
3.614951	779.907997
3.620510	779.909372
3.626069	779.910709
3.631629	779.911999
3.637188	779.913232
3.642747	779.914401
3.648307	779.915499
3.653866	779.916518
3.659457	779.917455
3.665016	779.918304
3.670576	779.919064
3.676135	779.919733
3.681694	779.920309
3.687254	779.920795
3.692813	779.921191
3.698372	779.921503
3.703932	779.921732
3.709491	779.921887
3.715050	779.921972
3.720609	779.921995
3.726169	779.921965
3.731728	779.921891
3.737287	779.921782
3.742879	779.921649
3.748438	779.921502
3.753997	779.921352
3.759557	779.921211
3.765116	779.921090
3.770675	779.920999
3.776234	779.920949
3.781794	779.920950
3.787353	779.921013
3.792912	779.921146
3.798472	779.921358
3.804031	779.921656
3.809590	779.922046
3.815150	779.922536
3.820709	779.923128
3.826268	779.923827
3.831859	779.924635
3.837419	779.925552
3.842978	779.926578
3.848537	779.927712
3.854097	779.928951
3.859656	779.930291
3.865215	779.931728
3.870774	779.933254
3.876334	779.934864
3.881893	779.936548
3.887452	779.938299
3.893012	779.940106
3.898571	779.941960
3.904130	779.943850
3.909690	779.945765
3.915281	779.947693
3.920840	779.949623
3.926399	779.951544
3.931959	779.953445
3.937518	779.955315
3.943077	779.957144
3.948637	779.958921
3.954196	779.960638
3.959755	779.962285
3.965315	779.963856
3.970874	779.965345
3.976433	779.966744
3.981992	779.968051
3.987552	779.969261
3.993143	779.970374
3.998702	779.971387
4.004262	779.972301
4.009821	779.973118
4.015380	779.973841
4.020939	779.974474
4.026499	779.975021
4.032058	779.975489
4.037617	779.975886
4.043177	779.976219
4.048736	779.976496
4.054295	779.976729
4.059855	779.976926
4.065414	779.977098
4.070973	779.977257
4.076532	779.977413
4.082124	779.977577
4.087683	779.977761
4.093242	779.977976
4.098802	779.978232
4.104361	779.978539
4.109920	779.978906
4.115480	779.979344
4.121039	779.979858
4.126598	779.980458
4.132157	779.981148
4.137717	779.981935
4.143276	779.982821
4.148835	779.983810
4.154395	779.984903
4.159954	779.986100
4.165545	779.987402
4.171104	779.988805
4.176664	779.990307
4.182223	779.991902
4.187782	779.993586
4.193342	779.995352
4.198901	779.997192
4.204460	779.999098
4.210020	780.001060
4.215579	780.003070
4.221138	780.005116
4.226697	780.007188
4.232257	780.009274
4.237816	780.011364
4.243375	780.013446
4.248967	780.015508
4.254526	780.017541
4.260085	780.019533
4.265644	780.021475
4.271204	780.023356
4.276763	780.025169
4.282322	780.026905
4.287882	780.028557
4.293441	780.030120
4.299000	780.031588
4.304560	780.032958
4.310119	780.034228
4.315678	780.035395
4.321237	780.036460
4.326797	780.037425
4.332388	780.038290
4.337947	780.039060
4.343507	780.039740
4.349066	780.040335
4.354625	780.040853
4.360185	780.041299
4.365744	780.041685
4.371303	780.042017
4.376862	780.042308
4.382422	780.042566
4.387981	780.042803
4.393540	780.043030
4.399100	780.043258
4.404659	780.043498
4.410218	780.043762
4.415809	780.044060
4.421369	780.044402
4.426928	780.044799
4.432487	780.045259
4.438047	780.045792
4.443606	780.046404
4.449165	780.047102
4.454725	780.047892
4.460284	780.048778
4.465843	780.049764
4.471402	780.050852
4.476962	780.052042
4.482521	780.053336
4.488080	780.054730
4.493640	780.056222
4.499231	780.057809
4.504790	780.059486
4.510350	780.061246
4.515909	780.063082
4.521468	780.064986
4.527027	780.066950
4.532587	780.068963
4.538146	780.071017
4.543705	780.073100
4.549265	780.075201
4.554824	780.077309
4.560383	780.079413
4.565943	780.081502
4.571502	780.083564
4.577061	780.085590
4.582652	780.087568
4.588212	780.089489
4.593771	780.091344
4.599330	780.093124
4.604890	780.094823
4.610449	780.096434
4.616008	780.097952
4.621568	780.099372
4.627127	780.100691
4.632686	780.101908
4.638245	780.103022
4.643805	780.104033
4.649364	780.104944
4.654923	780.105756
4.660483	780.106476
4.666074	780.107107
4.671633	780.107656
4.677192	780.108131
4.682752	780.108540
4.688311	780.108891
4.693870	780.109194
4.699430	780.109461
4.704989	780.109700
4.710548	780.109924
4.716108	780.110144
4.721667	780.110370
4.727226	780.110614
4.732785	780.110887
4.738345	780.111200
4.743904	780.111562
4.749463	780.111983
4.755055	780.112473
4.760614	780.113038
4.766173	780.113686
4.771733	780.114424
4.777292	780.115256
4.782851	780.116185
4.788410	780.117216
4.793970	780.118349
4.799529	780.119585
4.805088	780.120922
4.810648	780.122359
4.816207	780.123893
4.821766	780.125518
4.827326	780.127229
4.832885	780.129019
4.838476	780.130882
4.844035	780.132809
4.849595	780.134789
4.855154	780.136814
4.860713	780.138874
4.866273	780.140957
4.871832	780.143052
4.877391	780.145148
4.882950	780.147234
4.888510	780.149299
4.894069	780.151332
4.899628	780.153322
4.905188	780.155260
4.910747	780.157136
4.916306	780.158942
4.921898	780.160670
4.927457	780.162313
4.933016	780.163865
4.938575	780.165322
4.944135	780.166680
4.949694	780.167937
4.955253	780.169091
4.960813	780.170143
4.966372	780.171094
4.971931	780.171946
4.977491	780.172703
4.983050	780.173371
4.988609	780.173954
4.994168	780.174460
4.999728	780.174897
5.005319	780.175273
5.010878	780.175598
5.016438	780.175881
5.021997	780.176134
5.027556	780.176368
5.033115	780.176592
5.038675	780.176820
5.044234	780.177061
5.049793	780.177328
5.055353	780.177630
5.060912	780.177978
5.066471	780.178383
5.072031	780.178852
5.077590	780.179395
5.083149	780.180020
5.088740	780.180732
5.094300	780.181537
5.099859	780.182441
5.105418	780.183445
5.110978	780.184552
5.116537	780.185764
5.122096	780.187079
5.127656	780.188496
5.133215	780.190012
5.138774	780.191624
5.144333	780.193326
5.149893	780.195113
5.155452	780.196976
5.161011	780.198908
5.166571	780.200901
5.172162	780.202944
5.177721	780.205028
5.183280	780.207142
5.188840	780.209275
5.194399	780.211415
5.199958	780.213553
5.205518	780.215676
5.211077	780.217773
5.216636	780.219835
5.222196	780.221851
5.227755	780.223811
5.233314	780.225706
5.238873	780.227529
5.244433	780.229272
5.249992	780.230928
5.255583	780.232494
5.261143	780.233964
5.266702	780.235336
5.272261	780.236608
5.277820	780.237780
5.283380	780.238853
5.288939	780.239828
5.294498	780.240709
5.300058	780.241499
5.305617	780.242206
5.311176	780.242834
5.316736	780.243392
5.322295	780.243889
5.327854	780.244332
5.333414	780.244732
5.339005	780.245099
5.344564	780.245445
5.350123	780.245780
5.355683	780.246115
5.361242	780.246462
5.366801	780.246832
5.372361	780.247237
5.377920	780.247686
5.383479	780.248189
5.389038	780.248757
5.394598	780.249399
5.400157	780.250121
5.405716	780.250932
5.411276	780.251837
5.416835	780.252842
5.422426	780.253949
5.427986	780.255163
5.433545	780.256484
5.439104	780.257912
5.444663	780.259448
5.450223	780.261088
5.455782	780.262829
5.461341	780.264667
5.466901	780.266595
5.472460	780.268609
5.478019	780.270699
5.483579	780.272857
5.489138	780.275075
5.494697	780.277342
5.500256	780.279649
5.505848	780.281984
5.511407	780.284336
5.516966	780.286695
5.522526	780.289049
5.528085	780.291388
5.533644	780.293700
5.539203	780.295975
5.544763	780.298204
5.550322	780.300377
5.555881	780.302486
5.561441	780.304524
5.567000	780.306483
5.572559	780.308359
5.578119	780.310147
5.583678	780.311843
5.589237	780.313446
5.594828	780.314954
5.600388	780.316368
5.605947	780.317690
5.611506	780.318921
5.617066	780.320067
5.622625	780.321132
5.628184	780.322122
5.633743	780.323045
5.639303	780.323908
5.644862	780.324720
5.650421	780.325492
5.655981	780.326233
5.661540	780.326954
5.667099	780.327666
5.672691	780.328380
5.678250	780.329109
5.683809	780.329862
5.689368	780.330652
5.694928	780.331490
5.700487	780.332385
5.706046	780.333348
5.711606	780.334388
5.717165	780.335513
5.722724	780.336732
5.728284	780.338050
5.733843	780.339474
5.739402	780.341007
5.744961	780.342654
5.750521	780.344416
5.756080	780.346294
5.761671	780.348288
5.767231	780.350397
5.772790	780.352617
5.778349	780.354945
5.783909	780.357375
5.789468	780.359902
5.795027	780.362519
5.800586	780.365218
5.806146	780.367989
5.811705	780.370824
5.817264	780.373712
5.822824	780.376643
5.828383	780.379607
5.833942	780.382592
5.839502	780.385587
5.845093	780.388581
5.850652	780.391564
5.856211	780.394525
5.861771	780.397454
5.867330	780.400342
5.872889	780.403180
5.878449	780.405961
5.884008	780.408677
5.889567	780.411322
5.895126	780.413891
5.900686	780.416382
5.906245	780.418790
5.911804	780.421115
5.917364	780.423357
5.922923	780.425516
5.928514	780.427595
5.934074	780.429597
5.939633	780.431527
5.945192	780.433390
5.950751	780.435194
5.956311	780.436946
5.961870	780.438654
5.967429	780.440328
5.972989	780.441978
5.978548	780.443614
5.984107	780.445247
5.989667	780.446889
5.995226	780.448551
6.000785	780.450243
6.006344	780.451978
6.011936	780.453766
6.017495	780.455619
6.023054	780.457545
6.028614	780.459555
6.034173	780.461657
6.039732	780.463859
6.045291	780.466169
6.050851	780.468591
6.056410	780.471131
6.061969	780.473793
6.067529	780.476579
6.073088	780.479490
6.078647	780.482527
6.084207	780.485688
6.089766	780.488970
6.095357	780.492371
6.100916	780.495885
6.106476	780.499506
6.112035	780.503228
6.117594	780.507042
6.123154	780.510940
6.128713	780.514913
6.134272	780.518950
6.139831	780.523041
6.145391	780.527174
6.150950	780.531338
6.156509	780.535523
6.162069	780.539715
6.167628	780.543905
6.173187	780.548080
6.178779	780.552231
6.184338	780.556347
6.189897	780.560419
6.195456	780.564437
6.201016	780.568395
6.206575	780.572284
6.212134	780.576099
6.217694	780.579834
6.223253	780.583487
6.228812	780.587055
6.234372	780.590535
6.239931	780.593928
6.245490	780.597236
6.251049	780.600459
6.256609	780.603601
6.262200	780.606668
6.267759	780.609664
6.273319	780.612595
6.278878	780.615470
6.284437	780.618296
6.289997	780.621082
6.295556	780.623837
6.301115	780.626572
6.306674	780.629297
6.312234	780.632022
6.317793	780.634757
6.323352	780.637513
6.328912	780.640301
6.334471	780.643130
6.340030	780.646009
6.345621	780.648947
6.351181	780.651954
6.356740	780.655035
6.362299	780.658197
6.367859	780.661447
6.373418	780.664788
6.378977	780.668223
6.384537	780.671755
6.390096	780.675385
6.395655	780.679113
6.401214	780.682936
6.406774	780.686853
6.412333	780.690859
6.417892	780.694949
6.423452	780.699117
6.429043	780.703356
6.434602	780.707658
6.440162	780.712012
6.445721	780.716411
6.451280	780.720842
6.456839	780.725296
6.462399	780.729760
6.467958	780.734222
6.473517	780.738671
6.479077	780.743095
6.484636	780.747481
6.490195	780.751818
6.495755	780.756095
6.501314	780.760301
6.506873	780.764426
6.512432	780.768459
6.518024	780.772393
6.523583	780.776220
6.529142	780.779933
6.534702	780.783526
6.540261	780.786996
6.545820	780.790338
6.551379	780.793551
6.556939	780.796634
6.562498	780.799587
6.568057	780.802412
6.573617	780.805113
6.579176	780.807692
6.584735	780.810156
6.590295	780.812510
6.595854	780.814762
6.601445	780.816920
6.607004	780.818992
6.612564	780.820989
6.618123	780.822920
6.623682	780.824796
6.629242	780.826627
6.634801	780.828425
6.640360	780.830201
6.645919	780.831965
6.651479	780.833728
6.657038	780.835500
6.662597	780.837292
6.668157	780.839111
6.673716	780.840968
6.679275	780.842868
6.684867	780.844820
6.690426	780.846828
6.695985	780.848897
6.701544	780.851031
6.707104	780.853231
6.712663	780.855500
6.718222	780.857836
6.723782	780.860239
6.729341	780.862705
6.734900	780.865232
6.740460	780.867814
6.746019	780.870445
6.751578	780.873118
6.757137	780.875826
6.762697	780.878560
6.768288	780.881310
6.773847	780.884067
6.779407	780.886819
6.784966	780.889557
6.790525	780.892268
6.796085	780.894943
6.801644	780.897568
6.807203	780.900135
6.812762	780.902631
6.818322	780.905047
6.823881	780.907372
6.829440	780.909599
6.835000	780.911717
6.840559	780.913721
6.846118	780.915604
6.851709	780.917360
6.857269	780.918985
6.862828	780.920475
6.868387	780.921830
6.873947	780.923048
6.879506	780.924129
6.885065	780.925076
6.890625	780.925891
6.896184	780.926579
6.901743	780.927145
6.907302	780.927594
6.912862	780.927935
6.918421	780.928176
6.923980	780.928325
6.929540	780.928392
6.935131	780.928388
6.940690	780.928323
6.946250	780.928208
6.951809	780.928055
6.957368	780.927875
6.962927	780.927679
6.968487	780.927478
6.974046	780.927283
6.979605	780.927105
6.985165	780.926953
6.990724	780.926835
6.996283	780.926761
7.001842	780.926738
7.007402	780.926771
7.012961	780.926866
7.018552	780.927027
7.024112	780.927258
7.029671	780.927559
7.035230	780.927932
7.040790	780.928375
7.046349	780.928887
7.051908	780.929465
7.057467	780.930104
7.063027	780.930798
7.068586	780.931542
7.074145	780.932328
7.079705	780.933147
7.085264	780.933991
7.090823	780.934850
7.096383	780.935712
7.101974	780.936569
7.107533	780.937408
7.113092	780.938218
7.118652	780.938988
7.124211	780.939707
7.129770	780.940364
7.135330	780.940948
7.140889	780.941449
7.146448	780.941858
7.152008	780.942166
7.157567	780.942365
7.163126	780.942448
7.168685	780.942408
7.174245	780.942242
7.179804	780.941945
7.185395	780.941514
7.190955	780.940948
7.196514	780.940247
7.202073	780.939411
7.207632	780.938444
7.213192	780.937348
7.218751	780.936127
7.224310	780.934789
7.229870	780.933338
7.235429	780.931784
7.240988	780.930133
7.246548	780.928396
7.252107	780.926582
7.257666	780.924701
7.263225	780.922765
7.268817	780.920784
7.274376	780.918769
7.279935	780.916731
7.285495	780.914681
7.291054	780.912630
7.296613	780.910588
7.302173	780.908565
7.307732	780.906570
7.313291	780.904611
7.318850	780.902696
7.324410	780.900830
7.329969	780.899021
7.335528	780.897271
7.341088	780.895584
7.346647	780.893963
7.352238	780.892407
7.357797	780.890917
7.363357	780.889491
7.368916	780.888126
7.374475	780.886818
7.380035	780.885562
7.385594	780.884351
7.391153	780.883178
7.396713	780.882035
7.402272	780.880913
7.407831	780.879802
7.413390	780.878692
7.418950	780.877572
7.424509	780.876431
7.430068	780.875257
7.435628	780.874039
7.441219	780.872765
7.446778	780.871424
7.452337	780.870005
7.457897	780.868498
7.463456	780.866892
7.469015	780.865178
7.474575	780.863347
7.480134	780.861393
7.485693	780.859307
7.491253	780.857085
7.496812	780.854722
7.502371	780.852214
7.507930	780.849560
7.513490	780.846758
7.519049	780.843809
7.524640	780.840713
7.530200	780.837475
7.535759	780.834097
7.541318	780.830585
7.546878	780.826945
7.552437	780.823183
7.557996	780.819309
7.563555	780.815329
7.569115	780.811255
7.574674	780.807095
7.580233	780.802861
7.585793	780.798563
7.591352	780.794211
7.596911	780.789818
7.602471	780.785395
7.608062	780.780950
7.613621	780.776497
7.619180	780.772043
7.624740	780.767599
7.630299	780.763174
7.635858	780.758775
7.641418	780.754409
7.646977	780.750082
7.652536	780.745800
7.658096	780.741565
7.663655	780.737382
7.669214	780.733250
7.674773	780.729172
7.680333	780.725145
7.685892	780.721167
7.691483	780.717235
7.697043	780.713346
7.702602	780.709492
7.708161	780.705668
7.713720	780.701866
7.719280	780.698078
7.724839	780.694295
7.730398	780.690506
7.735958	780.686703
7.741517	780.682873
7.747076	780.679006
7.752636	780.675092
7.758195	780.671119
7.763754	780.667075
7.769313	780.662952
7.774905	780.658737
7.780464	780.654422
7.786023	780.649998
7.791583	780.645456
7.797142	780.640788
7.802701	780.635989
7.808261	780.631052
7.813820	780.625974
7.819379	780.620751
7.824938	780.615382
7.830498	780.609865
7.836057	780.604201
7.841616	780.598391
7.847176	780.592440
7.852735	780.586350
7.858326	780.580128
7.863885	780.573779
7.869445	780.567311
7.875004	780.560734
7.880563	780.554055
7.886123	780.547285
7.891682	780.540435
7.897241	780.533516
7.902801	780.526539
7.908360	780.519517
7.913919	780.512462
7.919478	780.505385
7.925038	780.498298
7.930597	780.491213
7.936156	780.484141
7.941748	780.477093
7.947307	780.470079
7.952866	780.463108
7.958425	780.456188
7.963985	780.449327
7.969544	780.442532
7.975103	780.435807
7.980663	780.429157
7.986222	780.422585
7.991781	780.416092
7.997341	780.409679
8.002900	780.403346
8.008459	780.397091
8.014018	780.390910
8.019578	780.384799
8.025169	780.378753
8.030728	780.372766
8.036288	780.366831
8.041847	780.360939
8.047406	780.355082
8.052966	780.349250
8.058525	780.343435
8.064084	780.337625
8.069643	780.331810
8.075203	780.325980
8.080762	780.320124
8.086321	780.314233
8.091881	780.308296
8.097440	780.302304
8.102999	780.296248
8.108591	780.290120
8.114150	780.283913
8.119709	780.277619
8.125268	780.271234
8.130828	780.264752
8.136387	780.258171
8.141946	780.251488
8.147506	780.244703
8.153065	780.237814
8.158624	780.230825
8.164184	780.223737
8.169743	780.216555
8.175302	780.209283
8.180861	780.201927
8.186421	780.194495
8.192012	780.186995
8.197571	780.179435
8.203131	780.171827
8.208690	780.164179
8.214249	780.156504
8.219808	780.148812
8.225368	780.141116
8.230927	780.133428
8.236486	780.125759
8.242046	780.118122
8.247605	780.110528
8.253164	780.102990
8.258724	780.095516
8.264283	780.088119
8.269842	780.080808
8.275401	780.073591
8.280993	780.066476
8.286552	780.059471
8.292111	780.052581
8.297671	780.045811
8.303230	780.039164
8.308789	780.032643
8.314348	780.026248
8.319908	780.019981
8.325467	780.013838
8.331026	780.007819
8.336586	780.001919
8.342145	779.996133
8.347704	779.990456
8.353264	779.984880
8.358823	779.979399
8.364414	779.974004
8.369973	779.968685
8.375533	779.963434
8.381092	779.958240
8.386651	779.953093
8.392211	779.947982
8.397770	779.942898
8.403329	779.937830
8.408889	779.932767
8.414448	779.927701
8.420007	779.922621
8.425566	779.917520
8.431126	779.912389
8.436685	779.907221
8.442244	779.902011
8.447836	779.896754
8.453395	779.891444
8.458954	779.886080
8.464513	779.880659
8.470073	779.875182
8.475632	779.869648
8.481191	779.864059
8.486751	779.858419
8.492310	779.852732
8.497869	779.847003
8.503429	779.841239
8.508988	779.835446
8.514547	779.829633
8.520107	779.823810
8.525666	779.817985
8.531257	779.812170
8.536816	779.806375
8.542376	779.800611
8.547935	779.794890
8.553494	779.789223
8.559054	779.783621
8.564613	779.778097
8.570172	779.772660
8.575731	779.767321
8.581291	779.762090
8.586850	779.756976
8.592409	779.751989
8.597969	779.747134
8.603528	779.742419
8.609087	779.737850
8.614679	779.733430
8.620238	779.729164
8.625797	779.725052
8.631356	779.721096
8.636916	779.717295
8.642475	779.713648
8.648034	779.710151
8.653594	779.706801
8.659153	779.703592
8.664712	779.700519
8.670272	779.697573
8.675831	779.694746
8.681390	779.692030
8.686949	779.689415
8.692509	779.686890
8.698100	779.684445
8.703659	779.682069
8.709219	779.679750
8.714778	779.677477
8.720337	779.675238
8.725896	779.673023
8.731456	779.670821
8.737015	779.668621
8.742574	779.666414
8.748134	779.664190
8.753693	779.661942
8.759252	779.659661
8.764812	779.657342
8.770371	779.654979
8.775930	779.652568
8.781521	779.650105
8.787081	779.647590
8.792640	779.645021
8.798199	779.642399
8.803759	779.639726
8.809318	779.637005
8.814877	779.634240
8.820436	779.631436
8.825996	779.628599
8.831555	779.625738
8.837114	779.622859
8.842674	779.619972
8.848233	779.617086
8.853792	779.614213
8.859352	779.611361
8.864943	779.608542
8.870502	779.605767
8.876061	779.603048
8.881621	779.600394
8.887180	779.597817
8.892739	779.595327
8.898299	779.592934
8.903858	779.590647
8.909417	779.588475
8.914977	779.586425
8.920536	779.584505
8.926095	779.582720
8.931654	779.581074
8.937214	779.579572
8.942773	779.578215
8.948364	779.577005
8.953924	779.575942
8.959483	779.575025
8.965042	779.574251
8.970602	779.573617
8.976161	779.573118
8.981720	779.572747
8.987279	779.572499
8.992839	779.572365
8.998398	779.572338
9.003957	779.572406
9.009517	779.572561
9.015076	779.572792
9.020635	779.573088
9.026195	779.573439
9.031754	779.573832
9.037345	779.574256
9.042904	779.574701
9.048464	779.575156
9.054023	779.575610
9.059582	779.576054
9.065142	779.576478
9.070701	779.576874
9.076260	779.577234
9.081819	779.577552
9.087379	779.577822
9.092938	779.578040
9.098497	779.578202
9.104057	779.578306
9.109616	779.578351
9.115207	779.578339
9.120767	779.578269
9.126326	779.578145
9.131885	779.577972
9.137444	779.577753
9.143004	779.577495
9.148563	779.577206
9.154122	779.576894
9.159682	779.576566
9.165241	779.576234
9.170800	779.575907
9.176360	779.575596
9.181919	779.575312
9.187478	779.575067
9.193037	779.574871
9.198597	779.574737
9.204188	779.574675
9.209747	779.574696
9.215307	779.574811
9.220866	779.575030
9.226425	779.575362
9.231984	779.575815
9.237544	779.576397
9.243103	779.577115
9.248662	779.577974
9.254222	779.578979
9.259781	779.580133
9.265340	779.581438
9.270900	779.582895
9.276459	779.584504
9.282018	779.586263
9.287609	779.588170
9.293169	779.590221
9.298728	779.592410
9.304287	779.594732
9.309847	779.597180
9.315406	779.599745
9.320965	779.602420
9.326524	779.605195
9.332084	779.608059
9.337643	779.611004
9.343202	779.614017
9.348762	779.617088
9.354321	779.620207
9.359880	779.623362
9.365440	779.626543
9.371031	779.629740
9.376590	779.632942
9.382149	779.636141
9.387709	779.639329
9.393268	779.642497
9.398827	779.645639
9.404387	779.648749
9.409946	779.651823
9.415505	779.654856
9.421065	779.657848
9.426624	779.660795
9.432183	779.663699
9.437742	779.666561
9.443302	779.669383
9.448861	779.672168
9.454452	779.674923
9.460012	779.677652
9.465571	779.680363
9.471130	779.683063
9.476690	779.685762
9.482249	779.688468
9.487808	779.691192
9.493367	779.693945
9.498927	779.696737
9.504486	779.699581
9.510045	779.702487
9.515605	779.705467
9.521164	779.708533
9.526723	779.711695
9.532283	779.714965
9.537874	779.718352
9.543433	779.721866
9.548992	779.725516
9.554552	779.729310
9.560111	779.733256
9.565670	779.737358
9.571230	779.741622
9.576789	779.746051
9.582348	779.750649
9.587907	779.755416
9.593467	779.760353
9.599026	779.765458
9.604585	779.770729
9.610145	779.776163
9.615704	779.781754
9.621295	779.787498
9.626855	779.793386
9.632414	779.799411
9.637973	779.805565
9.643532	779.811837
9.649092	779.818219
9.654651	779.824699
9.660210	779.831266
9.665770	779.837909
9.671329	779.844617
9.676888	779.851378
9.682448	779.858180
9.688007	779.865014
9.693566	779.871867
9.699125	779.878731
9.704717	779.885594
9.710276	779.892450
9.715835	779.899289
9.721395	779.906106
9.726954	779.912892
9.732513	779.919645
9.738072	779.926359
9.743632	779.933033
9.749191	779.939665
9.754750	779.946254
9.760310	779.952802
9.765869	779.959310
9.771428	779.965783
9.776988	779.972223
9.782547	779.978637
9.788138	779.985030
9.793697	779.991411
9.799257	779.997787
9.804816	780.004167
9.810375	780.010559
9.815935	780.016974
9.821494	780.023422
9.827053	780.029913
9.832612	780.036456
9.838172	780.043063
9.843731	780.049743
9.849290	780.056506
9.854850	780.063360
9.860409	780.070315
9.865968	780.077378
9.871560	780.084557
9.877119	780.091857
9.882678	780.099283
9.888237	780.106840
9.893797	780.114531
9.899356	780.122358
9.904915	780.130320
9.910475	780.138418
9.916034	780.146650
9.921593	780.155012
9.927153	780.163501
9.932712	780.172111
9.938271	780.180835
9.943830	780.189666
9.949390	780.198596
9.954981	780.207615
9.960540	780.216713
9.966100	780.225880
9.971659	780.235103
9.977218	780.244372
9.982777	780.253675
9.988337	780.262999
9.993896	780.272332
9.999455	780.281662
10.005015	780.290978
10.010574	780.300268
10.016133	780.309521
10.021693	780.318728
10.027252	780.327878
10.032811	780.336963
10.038371	780.345976
10.043962	780.354910
10.049521	780.363760
10.055080	780.372520
10.060640	780.381189
10.066199	780.389764
10.071758	780.398245
10.077318	780.406632
10.082877	780.414927
10.088436	780.423134
10.093995	780.431257
10.099555	780.439302
10.105114	780.447274
10.110673	780.455182
10.116233	780.463034
10.121792	780.470840
10.127383	780.478608
10.132943	780.486350
10.138502	780.494077
10.144061	780.501799
10.149620	780.509529
10.155180	780.517277
10.160739	780.525055
10.166298	780.532874
10.171858	780.540745
10.177417	780.548678
10.182976	780.556683
10.188536	780.564769
10.194095	780.572943
10.199654	780.581213
10.205213	780.589585
10.210805	780.598065
10.216364	780.606656
10.221923	780.615362
10.227483	780.624183
10.233042	780.633122
10.238601	780.642175
10.244160	780.651343
10.249720	780.660622
10.255279	780.670008
10.260838	780.679495
10.266398	780.689078
10.271957	780.698749
10.277516	780.708501
10.283076	780.718324
10.288635	780.728211
10.294226	780.738150
10.299785	780.748133
10.305345	780.758149
10.310904	780.768188
10.316463	780.778240
10.322023	780.788294
10.327582	780.798341
10.333141	780.808372
10.338701	780.818378
10.344260	780.828351
10.349819	780.838285
10.355378	780.848172
10.360938	780.858007
10.366497	780.867787
10.372056	780.877508
10.377648	780.887168
10.383207	780.896766
10.388766	780.906304
10.394325	780.915782
10.399885	780.925204
10.405444	780.934574
10.411003	780.943898
10.416563	780.953181
10.422122	780.962433
10.427681	780.971660
10.433241	780.980873
10.438800	780.990082
10.444359	780.999299
10.449918	781.008534
10.455478	781.017800
10.461069	781.027110
10.466628	781.036475
10.472188	781.045910
10.477747	781.055425
10.483306	781.065035
10.488866	781.074751
10.494425	781.084584
10.499984	781.094547
10.505543	781.104649
10.511103	781.114900
10.516662	781.125308
10.522221	781.135883
10.527781	781.146629
10.533340	781.157554
10.538899	781.168661
10.544490	781.179954
10.550050	781.191435
10.555609	781.203104
10.561168	781.214962
10.566728	781.227007
10.572287	781.239236
10.577846	781.251645
10.583406	781.264230
10.588965	781.276985
10.594524	781.289903
10.600083	781.302977
10.605643	781.316199
10.611202	781.329561
10.616761	781.343053
10.622321	781.356667
10.627912	781.370393
10.633471	781.384221
10.639031	781.398143
10.644590	781.412150
10.650149	781.426233
10.655708	781.440383
10.661268	781.454594
10.666827	781.468859
10.672386	781.483173
10.677946	781.497529
10.683505	781.511925
10.689064	781.526357
10.694624	781.540824
10.700183	781.555326
10.705742	781.569863
10.711333	781.584438
10.716893	781.599054
10.722452	781.613716
10.728011	781.628428
10.733571	781.643199
10.739130	781.658037
10.744689	781.672949
10.750248	781.687947
10.755808	781.703042
10.761367	781.718244
10.766926	781.733567
10.772486	781.749023
10.778045	781.764625
10.783604	781.780388
10.789164	781.796324
10.794755	781.812448
10.800314	781.828772
10.805873	781.845312
10.811433	781.862078
10.816992	781.879084
10.822551	781.896342
10.828111	781.913862
10.833670	781.931656
10.839229	781.949731
10.844788	781.968097
10.850348	781.986761
10.855907	782.005729
10.861466	782.025006
10.867026	782.044595
10.872585	782.064500
10.878144	782.084721
10.883736	782.105259
10.889295	782.126113
10.894854	782.147280
10.900413	782.168759
10.905973	782.190544
10.911532	782.212630
10.917091	782.235013
10.922651	782.257685
10.928210	782.280640
10.933769	782.303870
10.939329	782.327368
10.944888	782.351125
10.950447	782.375134
10.956006	782.399387
10.961566	782.423876
10.967157	782.448593
10.972716	782.473533
10.978276	782.498688
10.983835	782.524054
10.989394	782.549625
10.994953	782.575398
11.000513	782.601370
11.006072	782.627539
11.011631	782.653905
11.017191	782.680469
11.022750	782.707233
11.028309	782.734199
11.033869	782.761373
11.039428	782.788759
11.044987	782.816366
11.050578	782.844200
11.056138	782.872273
11.061697	782.900593
11.067256	782.929173
11.072816	782.958025
11.078375	782.987162
11.083934	783.016598
11.089494	783.046347
11.095053	783.076426
11.100612	783.106849
11.106171	783.137632
11.111731	783.168790
11.117290	783.200340
11.122849	783.232297
11.128409	783.264676
11.134000	783.297492
11.139559	783.330760
11.145118	783.364493
11.150678	783.398704
11.156237	783.433405
11.161796	783.468607
11.167356	783.504320
11.172915	783.540554
11.178474	783.577316
11.184034	783.614613
11.189593	783.652451
11.195152	783.690833
11.200712	783.729764
11.206271	783.769245
11.211830	783.809278
11.217421	783.849862
11.222981	783.890997
11.228540	783.932681
11.234099	783.974911
11.239659	784.017684
11.245218	784.060996
11.250777	784.104843
11.256336	784.149220
11.261896	784.194121
11.267455	784.239543
11.273014	784.285481
11.278574	784.331928
11.284133	784.378883
11.289692	784.426339
11.295252	784.474294
11.300843	784.522746
11.306402	784.571692
11.311961	784.621132
11.317521	784.671065
11.323080	784.721493
11.328639	784.772418
11.334199	784.823845
11.339758	784.875776
11.345317	784.928219
11.350877	784.981181
11.356436	785.034671
11.361995	785.088698
11.367554	785.143274
11.373114	785.198411
11.378673	785.254122
11.384264	785.310422
11.389824	785.367327
11.395383	785.424852
11.400942	785.483015
11.406501	785.541834
11.412061	785.601327
11.417620	785.661512
11.423179	785.722408
11.428739	785.784035
11.434298	785.846411
11.439857	785.909554
11.445417	785.973485
11.450976	786.038219
11.456535	786.103775
11.462094	786.170170
11.467686	786.237418
11.473245	786.305535
11.478804	786.374534
11.484364	786.444429
11.489923	786.515229
11.495482	786.586946
11.501041	786.659588
11.506601	786.733161
11.512160	786.807672
11.517719	786.883125
11.523279	786.959523
11.528838	787.036866
11.534397	787.115155
11.539957	787.194387
11.545516	787.274561
11.551107	787.355672
11.556666	787.437714
11.562226	787.520681
11.567785	787.604565
11.573344	787.689357
11.578904	787.775048
11.584463	787.861627
11.590022	787.949083
11.595582	788.037405
11.601141	788.126581
11.606700	788.216597
11.612259	788.307442
11.617819	788.399101
11.623378	788.491563
11.628937	788.584812
11.634529	788.678838
11.640088	788.773625
11.645647	788.869161
11.651207	788.965433
11.656766	789.062429
11.662325	789.160135
11.667884	789.258539
11.673444	789.357629
11.679003	789.457392
11.684562	789.557815
11.690122	789.658888
11.695681	789.760597
11.701240	789.862930
11.706799	789.965873
11.712359	790.069415
11.717918	790.173541
11.723509	790.278237
11.729069	790.383489
11.734628	790.489280
11.740187	790.595595
11.745747	790.702416
11.751306	790.809724
11.756865	790.917499
11.762424	791.025721
11.767984	791.134367
11.773543	791.243412
11.779102	791.352831
11.784662	791.462598
11.790221	791.572681
11.795780	791.683052
11.801340	791.793677
11.806931	791.904523
11.812490	792.015553
11.818049	792.126731
11.823602	792.238016
11.829162	792.349368
11.834724	792.460745
11.840287	792.572103
11.845846	792.683399
11.851408	792.794585
11.856971	792.905615
11.862530	793.016442
11.868093	793.127017
11.873655	793.237293
11.879214	793.347220
11.884777	793.456750
11.890339	793.565834
11.895899	793.674426
11.901461	793.782478
11.907024	793.889943
11.912583	793.996777
11.918146	794.102936
11.923705	794.208378
11.929267	794.313063
11.934830	794.416952
11.940392	794.520010
11.945952	794.622201
11.951514	794.723496
11.957073	794.823864
11.962636	794.923280
11.968198	795.021721
11.973758	795.119165
11.979320	795.215594
11.984883	795.310995
11.990442	795.405354
11.996005	795.498663
12.001567	795.590914
12.007126	795.682105
12.012689	795.772233
12.018251	795.861301
12.023811	795.949312
12.029373	796.036272
12.034936	796.122189
12.040495	796.207073
12.046057	796.290934
12.051620	796.373787
12.057179	796.455645
12.062742	796.536524
12.068304	796.616438
12.073863	796.695406
12.079426	796.773444
12.084988	796.850568
12.090548	796.926796
12.096110	797.002144
12.101673	797.076629
12.107232	797.150266
12.112795	797.223069
12.118357	797.295052
12.123916	797.366228
12.129479	797.436608
12.135041	797.506201
12.140601	797.575016
12.146163	797.643061
12.151726	797.710339
12.157285	797.776856
12.162847	797.842613
12.168410	797.907612
12.173969	797.971852
12.179532	798.035330
12.185094	798.098044
12.190653	798.159989
12.196216	798.221160
12.201778	798.281550
12.207338	798.341153
12.212900	798.399960
12.218463	798.457963
12.224022	798.515154
12.229585	798.571525
12.235147	798.627067
12.240706	798.681773
12.246269	798.735634
12.251831	798.788643
12.257391	798.840796
12.262953	798.892085
12.268516	798.942509
12.274075	798.992063
12.279637	799.040747
12.285200	799.088560
12.290759	799.135504
12.296322	799.181583
12.301881	799.226801
12.307444	799.271166
12.313006	799.314684
12.318569	799.357368
12.324128	799.399227
12.329690	799.440275
12.335253	799.480527
12.340812	799.519999
12.346375	799.558709
12.351934	799.596674
12.357496	799.633915
12.363059	799.670452
12.368621	799.706307
12.374181	799.741500
12.379743	799.776054
12.385302	799.809991
12.390865	799.843333
12.396427	799.876102
12.401987	799.908320
12.407549	799.940007
12.413112	799.971183
12.418671	800.001868
12.424234	800.032080
12.429796	800.061834
12.435355	800.091148
12.440918	800.120033
12.446480	800.148504
12.452040	800.176569
12.457602	800.204239
12.463165	800.231519
12.468724	800.258416
12.474286	800.284932
12.479849	800.311069
12.485408	800.336827
12.490971	800.362204
12.496533	800.387196
12.502093	800.411799
12.507655	800.436006
12.513217	800.459810
12.518777	800.483201
12.524339	800.506171
12.529902	800.528708
12.535461	800.550802
12.541024	800.572441
12.546586	800.593613
12.552145	800.614307
12.557708	800.634511
12.563270	800.654214
12.568830	800.673406
12.574392	800.692075
12.579955	800.710214
12.585514	800.727814
12.591076	800.744868
12.596639	800.761370
12.602198	800.777318
12.607761	800.792707
12.613323	800.807537
12.618883	800.821809
12.624445	800.835525
12.630008	800.848689
12.635567	800.861306
12.641129	800.873385
12.646692	800.884934
12.652251	800.895964
12.657814	800.906487
12.663376	800.916516
12.668935	800.926066
12.674498	800.935154
12.680060	800.943795
12.685620	800.952008
12.691182	800.959810
12.696745	800.967221
12.702304	800.974260
12.707866	800.980945
12.713429	800.987296
12.718988	800.993330
12.724551	800.999068
12.730113	801.004525
12.735673	801.009719
12.741235	801.014665
12.746798	801.019378
12.752357	801.023871
12.757919	801.028155
12.763482	801.032242
12.769041	801.036139
12.774604	801.039854
12.780163	801.043391
12.785725	801.046755
12.791288	801.049947
12.796847	801.052966
12.802410	801.055811
12.807972	801.058479
12.813532	801.060963
12.819094	801.063259
12.824657	801.065356
12.830216	801.067247
12.835778	801.068920
12.841341	801.070365
12.846900	801.071568
12.852463	801.072516
12.858025	801.073198
12.863584	801.073597
12.869147	801.073702
12.874709	801.073497
12.880269	801.072971
12.885831	801.072109
12.891394	801.070899
12.896953	801.069331
12.902515	801.067393
12.908078	801.065077
12.913637	801.062374
12.919200	801.059278
12.924762	801.055784
12.930322	801.051888
12.935884	801.047589
12.941447	801.042885
12.947006	801.037780
12.952568	801.032276
12.958131	801.026379
12.963690	801.020095
12.969253	801.013432
12.974815	801.006400
12.980374	800.999012
12.985937	800.991279
12.991499	800.983215
12.997059	800.974836
13.002621	800.966157
13.008184	800.957195
13.013743	800.947967
13.019306	800.938492
13.024868	800.928785
13.030427	800.918866
13.035990	800.908752
13.041552	800.898460
13.047112	800.888006
13.052674	800.877408
13.058237	800.866678
13.063796	800.855833
13.069358	800.844884
13.074921	800.833842
13.080480	800.822719
13.086043	800.811521
13.091605	800.800255
13.097164	800.788928
13.102727	800.777541
13.108289	800.766097
13.113849	800.754596
13.119411	800.743035
13.124974	800.731410
13.130533	800.719717
13.136096	800.707949
13.141658	800.696097
13.147217	800.684153
13.152780	800.672105
13.158342	800.659941
13.163902	800.647649
13.169464	800.635216
13.175027	800.622627
13.180586	800.609869
13.186148	800.596928
13.191711	800.583788
13.197270	800.570436
13.202833	800.556858
13.208395	800.543042
13.213954	800.528975
13.219517	800.514645
13.225076	800.500043
13.230639	800.485160
13.236201	800.469988
13.241761	800.454521
13.247323	800.438754
13.252886	800.422686
13.258445	800.406314
13.264007	800.389639
13.269570	800.372665
13.275129	800.355394
13.280692	800.337834
13.286254	800.319991
13.291813	800.301875
13.297376	800.283496
13.302938	800.264867
13.308498	800.246001
13.314060	800.226912
13.319623	800.207617
13.325182	800.188132
13.330745	800.168474
13.336307	800.148660
13.341866	800.128709
13.347429	800.108638
13.352991	800.088466
13.358551	800.068210
13.364113	800.047887
13.369676	800.027515
13.375235	800.007108
13.380797	799.986683
13.386360	799.966252
13.391919	799.945828
13.397482	799.925422
13.403044	799.905044
13.408603	799.884702
13.414166	799.864402
13.419728	799.844148
13.425288	799.823945
13.430850	799.803794
13.436413	799.783693
13.441972	799.763641
13.447535	799.743633
13.453097	799.723666
13.458656	799.703732
13.464219	799.683823
13.469781	799.663929
13.475341	799.644041
13.480903	799.624148
13.486466	799.604236
13.492025	799.584294
13.497587	799.564309
13.503150	799.544268
13.508709	799.524157
13.514272	799.503964
13.519834	799.483675
13.525393	799.463280
13.530956	799.442767
13.536518	799.422125
13.542078	799.401345
13.547640	799.380419
13.553203	799.359341
13.558762	799.338105
13.564325	799.316708
13.569887	799.295148
13.575446	799.273425
13.581009	799.251539
13.586571	799.229496
13.592131	799.207300
13.597693	799.184957
13.603256	799.162478
13.608815	799.139871
13.614377	799.117150
13.619940	799.094328
13.625499	799.071420
13.631062	799.048442
13.636624	799.025411
13.642184	799.002347
13.647746	798.979268
13.653309	798.956194
13.658868	798.933146
13.664430	798.910143
13.669990	798.887208
13.675552	798.864359
13.681115	798.841618
13.686674	798.819003
13.692236	798.796535
13.697799	798.774231
13.703358	798.752109
13.708921	798.730184
13.714483	798.708472
13.720042	798.686987
13.725605	798.665739
13.731167	798.644740
13.736727	798.623999
13.742289	798.603523
13.747852	798.583317
13.753411	798.563386
13.758974	798.543732
13.764536	798.524355
13.770095	798.505256
13.775658	798.486432
13.781220	798.467880
13.786780	798.449595
13.792342	798.431571
13.797905	798.413803
13.803464	798.396283
13.809026	798.379002
13.814589	798.361954
13.820148	798.345129
13.825711	798.328519
13.831273	798.312117
13.836833	798.295914
13.842395	798.279902
13.847958	798.264077
13.853517	798.248431
13.859079	798.232961
13.864642	798.217664
13.870201	798.202537
13.875764	798.187581
13.881326	798.172796
13.886885	798.158186
13.892448	798.143756
13.898010	798.129513
13.903570	798.115464
13.909132	798.101620
13.914695	798.087995
13.920254	798.074601
13.925816	798.061455
13.931379	798.048574
13.936938	798.035978
13.942501	798.023688
13.948063	798.011725
13.953623	798.000112
13.959185	797.988876
13.964748	797.978039
13.970307	797.967630
13.975869	797.957674
13.981432	797.948198
13.986991	797.939230
13.992554	797.930797
13.998116	797.922924
14.003675	797.915639
14.009238	797.908968
14.014800	797.902935
14.020360	797.897565
14.025922	797.892879
14.031485	797.888900
14.037044	797.885648
14.042606	797.883141
14.048169	797.881396
14.053728	797.880429
14.059291	797.880252
14.064853	797.880878
14.070413	797.882316
14.075975	797.884574
14.081534	797.887658
14.087097	797.891572
14.092659	797.896319
14.098219	797.901901
14.103781	797.908315
14.109344	797.915561
14.114903	797.923634
14.120465	797.932530
14.126028	797.942244
14.131587	797.952768
14.137150	797.964096
14.142712	797.976219
14.148272	797.989129
14.153834	798.002817
14.159397	798.017274
14.164956	798.032492
14.170518	798.048462
14.176081	798.065175
14.181640	798.082625
14.187203	798.100802
14.192765	798.119701
14.198324	798.139315
14.203887	798.159639
14.209449	798.180668
14.215009	798.202399
14.220571	798.224828
14.226134	798.247953
14.231693	798.271772
14.237255	798.296284
14.242818	798.321489
14.248377	798.347386
14.253940	798.373975
14.259502	798.401256
14.265062	798.429229
14.270624	798.457893
14.276187	798.487247
14.281746	798.517288
14.287308	798.548015
14.292871	798.579421
14.298430	798.611501
14.303993	798.644247
14.309555	798.677649
14.315114	798.711694
14.320677	798.746365
14.326239	798.781646
14.331799	798.817513
14.337361	798.853940
14.342924	798.890899
14.348483	798.928355
14.354046	798.966271
14.359608	799.004603
14.365167	799.043304
14.370730	799.082320
14.376292	799.121594
14.381852	799.161063
14.387414	799.200656
14.392977	799.240299
14.398536	799.279911
14.404098	799.319406
14.409661	799.358690
14.415220	799.397665
14.420783	799.436225
14.426345	799.474260
14.431904	799.511652
14.437467	799.548277
14.443029	799.584005
14.448589	799.618700
14.454151	799.652221
14.459714	799.684417
14.465273	799.715136
14.470836	799.744215
14.476398	799.771489
14.481957	799.796785
14.487520	799.819924
14.493082	799.840720
14.498642	799.858985
14.504204	799.874519
14.509767	799.887122
14.515326	799.896584
14.520888	799.902691
14.526448	799.905221
14.532010	799.903949
14.537573	799.898641
14.543132	799.889058
14.548694	799.874954
14.554257	799.856078
14.559816	799.832172
14.565379	799.802970
14.570941	799.768201
14.576501	799.727586
14.582063	799.680840
14.587626	799.627670
14.593185	799.567776
14.598747	799.500852
14.604310	799.426584
14.609869	799.344648
14.615432	799.254716
14.620994	799.156450
14.626553	799.049507
14.632116	798.933533
14.637678	798.808168
14.643238	798.673046
14.648800	798.527790
14.654363	798.372019
14.659922	798.205343
14.665485	798.027366
14.671047	797.837685
14.676606	797.635890
14.682169	797.421566
14.687731	797.194294
14.693291	796.953646
14.698853	796.699194
14.704415	796.430503
14.709976	796.147138
14.715537	795.848658
14.721099	795.534623
14.726660	795.204593
14.732222	794.858126
14.737783	794.494783
14.743344	794.114127
14.748906	793.715725
14.754467	793.299147
14.760029	792.863973
14.765590	792.409785
14.771151	791.936177
14.776713	791.442753
14.782275	790.929126
14.787836	790.394925
14.793397	789.839790
14.798959	789.263380
14.804520	788.665370
14.810082	788.045453
14.815643	787.403343
14.821204	786.738777
14.826766	786.051515
14.832327	785.341341
14.837889	784.608068
14.843450	783.851534
14.849011	783.071609
14.854573	782.268193
14.860134	781.441220
14.865696	780.590656
14.871257	779.716503
14.876818	778.818798
14.882380	777.897619
14.887941	776.953079
14.893503	775.985332
14.899064	774.994575
14.904625	773.981044
14.910187	772.945018
14.915749	771.886819
14.921310	770.806815
14.926871	769.705416
14.932433	768.583077
14.937994	767.440299
14.943556	766.277629
14.949117	765.095657
14.954678	763.895021
14.960240	762.676402
14.965801	761.440528
14.971363	760.188172
14.976924	758.920148
14.982485	757.637318
14.988047	756.340584
14.993608	755.030891
14.999170	753.709225
15.004731	752.376614
15.010292	751.034122
15.015854	749.682852
15.021415	748.323945
15.026977	746.958576
15.032538	745.587951
15.038100	744.213311
15.043661	742.835925
15.049223	741.457090
15.054784	740.078131
15.060345	738.700394
15.065907	737.325248
15.071468	735.954084
15.077030	734.588307
15.082591	733.229338
15.088152	731.878613
15.093714	730.537575
15.099275	729.207676
15.104837	727.890374
15.110398	726.587129
15.115959	725.299400
15.121521	724.028646
15.127082	722.776318
15.132644	721.543860
15.138205	720.332706
15.143766	719.144276
15.149328	717.979975
15.154889	716.841189
15.160451	715.729282
15.166012	714.645594
15.171573	713.591441
15.177135	712.568108
15.182697	711.576848
15.188258	710.618883
15.193819	709.695395
15.199381	708.807531
15.204942	707.956395
15.210504	707.143048
15.216065	706.368506
15.221626	705.633740
15.227188	704.939668
15.232749	704.287161
15.238311	703.677034
15.243872	703.110050
15.249433	702.586914
15.254995	702.108276
15.260556	701.674727
15.266118	701.286796
15.271679	700.944953
15.277240	700.649607
15.282802	700.401103
15.288363	700.199724
15.293925	700.045687
15.299486	699.939148
15.305047	699.880196
15.310609	699.868857
15.316170	699.905092
15.321732	699.988798
15.327293	700.119808
15.332855	700.297892
15.338415	700.522757
15.343978	700.794047
15.349540	701.111345
15.355100	701.474176
15.360662	701.882002
15.366225	702.334232
15.371784	702.830216
15.377346	703.369250
15.382906	703.950575
15.388468	704.573385
15.394031	705.236821
15.399590	705.939978
15.405153	706.681907
15.410715	707.461614
15.416274	708.278065
15.421837	709.130188
15.427399	710.016875
15.432959	710.936985
15.438521	711.889343
15.444084	712.872750
15.449643	713.885979
15.455205	714.927780
15.460768	715.996881
15.466327	717.091996
15.471890	718.211820
15.477452	719.355037
15.483012	720.520320
15.488574	721.706338
15.494137	722.911750
15.499696	724.135217
15.505258	725.375397
15.510821	726.630954
15.516380	727.900552
15.521943	729.182867
15.527505	730.476581
15.533064	731.780388
15.538627	733.092997
15.544189	734.413131
15.549749	735.739530
15.555311	737.070952
15.560874	738.406177
15.566433	739.744007
15.571995	741.083265
15.577558	742.422802
15.583117	743.761492
15.588680	745.098237
15.594242	746.431967
15.599802	747.761640
15.605364	749.086245
15.610927	750.404798
15.616486	751.716349
15.622048	753.019977
15.627611	754.314794
15.633170	755.599943
15.638733	756.874597
15.644295	758.137965
15.649854	759.389284
15.655417	760.627826
15.660979	761.852892
15.666539	763.063816
15.672101	764.259963
15.677664	765.440729
15.683223	766.605541
15.688786	767.753854
15.694348	768.885154
15.699907	769.998956
15.705470	771.094802
15.711032	772.172263
15.716592	773.230935
15.722154	774.270444
15.727717	775.290437
15.733276	776.290589
15.738838	777.270597
15.744401	778.230182
15.749960	779.169088
15.755523	780.087080
15.761085	780.983944
15.766644	781.859485
15.772207	782.713527
15.777769	783.545915
15.783329	784.356509
15.788891	785.145186
15.794454	785.911839
15.800013	786.656376
15.805576	787.378720
15.811135	788.078807
15.816697	788.756586
15.822260	789.412017
15.827819	790.045072
15.833382	790.655734
15.838944	791.243996
15.844503	791.809859
15.850066	792.353332
15.855628	792.874434
15.861188	793.373191
15.866750	793.849632
15.872313	794.303797
15.877872	794.735729
15.883434	795.145475
15.888997	795.533088
15.894556	795.898623
15.900119	796.242141
15.905681	796.563704
15.911241	796.863377
15.916803	797.141225
15.922366	797.397318
15.927925	797.631724
15.933487	797.844514
15.939050	798.035758
15.944609	798.205525
15.950172	798.353886
15.955734	798.480910
15.961293	798.586665
15.966856	798.671218
15.972418	798.734634
15.977978	798.776975
15.983540	798.798305
15.989103	798.798680
15.994662	798.778157
16.000225	798.736789
16.005787	798.674626
16.011346	798.591716
16.016909	798.488101
16.022471	798.363822
16.028031	798.218913
16.033593	798.053408
16.039156	797.867333
16.044715	797.660712
16.050277	797.433564
16.055840	797.185903
16.061399	796.917739
16.066962	796.629078
16.072524	796.319918
16.078083	795.990255
16.083646	795.640079
16.089208	795.269374
16.094768	794.878119
16.100330	794.466289
16.105893	794.033851
16.111452	793.580768
16.117015	793.106998
16.122577	792.612492
16.128136	792.097196
16.133699	791.561050
16.139261	791.003987
16.144821	790.425937
16.150383	789.826820
16.155946	789.206555
16.161505	788.565051
16.167067	787.902211
16.172630	787.217935
16.178189	786.512115
16.183752	785.784636
16.189314	785.035378
16.194874	784.264215
16.200436	783.471014
16.205998	782.655637
16.211558	781.817938
16.217120	780.957767
16.222683	780.074967
16.228242	779.169373
16.233805	778.240817
16.239367	777.289123
16.244926	776.314109
16.250489	775.315587
16.256048	774.293363
16.261611	773.247238
16.267173	772.177004
16.272732	771.082452
16.278295	769.963361
16.283857	768.819511
16.289417	767.650669
16.294979	766.456603
16.300542	765.237071
16.306101	763.991827
16.311664	762.720619
16.317226	761.423191
16.322785	760.099280
16.328348	758.748620
16.333910	757.370938
16.339470	755.965956
16.345032	754.533394
16.350595	753.072965
16.356154	751.584379
16.361716	750.067340
16.367279	748.521550
16.372838	746.946706
16.378401	745.342503
16.383963	743.708631
16.389522	742.044776
16.395085	740.350625
16.400647	738.625858
16.406207	736.870157
16.411769	735.083197
16.417332	733.264657
16.422891	731.414210
16.428454	729.531530
16.434016	727.616292
16.439575	725.668168
16.445138	723.686831
16.450700	721.671956
16.456260	719.623218
16.461822	717.540294
16.467385	715.422863
16.472944	713.270606
16.478506	711.083208
16.484069	708.860357
16.489628	706.601747
16.495191	704.307074
16.500753	701.976042
16.506313	699.608359
16.511875	697.203743
16.517438	694.761917
16.522997	692.282611
16.528559	689.765568
16.534122	687.210537
16.539681	684.617280
16.545244	681.985568
16.550806	679.315186
16.556365	676.605932
16.561928	673.857616
16.567490	671.070064
16.573050	668.243117
16.578612	665.376633
16.584175	662.470487
16.589734	659.524571
16.595296	656.538800
16.600859	653.513103
16.606418	650.447437
16.611981	647.341775
16.617543	644.196116
16.623103	641.010482
16.628665	637.784922
16.634228	634.519506
16.639787	631.214335
16.645349	627.869535
16.650912	624.485262
16.656471	621.061700
16.662034	617.599063
16.667596	614.097598
16.673155	610.557579
16.678718	606.979318
16.684277	603.363155
16.689840	599.709468
16.695402	596.018665
16.700962	592.291193
16.706524	588.527530
16.712087	584.728192
16.717646	580.893732
16.723208	577.024737
16.728771	573.121831
16.734330	569.185676
16.739893	565.216968
16.745455	561.216443
16.751014	557.184870
16.756577	553.123056
16.762139	549.031845
16.767699	544.912113
16.773261	540.764776
16.778824	536.590779
16.784383	532.391105
16.789945	528.166768
16.795508	523.918814
16.801067	519.648321
16.806630	515.356396
16.812192	511.044175
16.817752	506.712822
16.823314	502.363528
16.828877	497.997506
16.834436	493.615996
16.839998	489.220255
16.845561	484.811565
16.851120	480.391222
16.856683	475.960541
16.862245	471.520851
16.867804	467.073492
16.873367	462.619816
16.878929	458.161185
16.884489	453.698964
16.890051	449.234526
16.895614	444.769244
16.901173	440.304493
16.906735	435.841646
16.912298	431.382071
16.917857	426.927131
16.923420	422.478182
16.928982	418.036567
16.934542	413.603621
16.940104	409.180661
16.945667	404.768992
16.951226	400.369900
16.956788	395.984649
16.962351	391.614486
16.967910	387.260633
16.973473	382.924287
16.979035	378.606620
16.984594	374.308778
16.990157	370.031876
16.995719	365.777001
17.001279	361.545208
17.006841	357.337521
17.012404	353.154930
17.017963	348.998393
17.023526	344.868831
17.029088	340.767131
17.034647	336.694146
17.040210	332.650690
17.045772	328.637542
17.051332	324.655445
17.056894	320.705102
17.062457	316.787183
17.068016	312.902318
17.073578	309.051100
17.079141	305.234087
17.084700	301.451800
17.090263	297.704721
17.095825	293.993300
17.101384	290.317950
17.106947	286.679047
17.112509	283.076934
17.118069	279.511922
17.123631	275.984286
17.129191	272.494269
17.134753	269.042084
17.140316	265.627911
17.145875	262.251901
17.151437	258.914174
17.157000	255.614823
17.162559	252.353914
17.168122	249.131484
17.173684	245.947545
17.179243	242.802084
17.184806	239.695066
17.190368	236.626429
17.195928	233.596092
17.201490	230.603952
17.207053	227.649884
17.212612	224.733746
17.218174	221.855375
17.223737	219.014594
17.229296	216.211204
17.234859	213.444996
17.240421	210.715741
17.245981	208.023199
17.251543	205.367116
17.257106	202.747224
17.262665	200.163245
17.268227	197.614889
17.273790	195.101857
17.279349	192.623840
17.284912	190.180519
17.290474	187.771568
17.296033	185.396654
17.301596	183.055437
17.307158	180.747570
17.312718	178.472700
17.318280	176.230472
17.323843	174.020523
17.329402	171.842489
17.334965	169.695999
17.340527	167.580683
17.346086	165.496167
17.351649	163.442073
17.357211	161.418025
17.362771	159.423643
17.368333	157.458547
17.373896	155.522357
17.379455	153.614693
17.385017	151.735174
17.390580	149.883421
17.396139	148.059055
17.401702	146.261698
17.407264	144.490974
17.412823	142.746507
17.418386	141.027925
17.423948	139.334857
17.429508	137.666934
17.435070	136.023790
17.440633	134.405061
17.446192	132.810385
17.451755	131.239405
17.457317	129.691766
17.462876	128.167116
17.468439	126.665106
17.474001	125.185390
17.479561	123.727628
17.485123	122.291480
17.490686	120.876613
17.496245	119.482694
17.501807	118.109398
17.507370	116.756401
17.512929	115.423383
17.518492	114.110029
17.524054	112.816027
17.529614	111.541070
17.535176	110.284854
17.540739	109.047079
17.546298	107.827451
17.551860	106.625677
17.557423	105.441471
17.562982	104.274548
17.568545	103.124629
17.574104	101.991440
17.579666	100.874708
17.585229	99.774167
17.590788	98.689552
17.596351	97.620606
17.601913	96.567072
17.607472	95.528698
17.613035	94.505238
17.618597	93.496448
17.624157	92.502087
17.629719	91.521920
17.635282	90.555715
17.640841	89.603241
17.646404	88.664276
17.651966	87.738597
17.657525	86.825987
17.663088	85.926232
17.668650	85.039121
17.674210	84.164448
17.679772	83.302008
17.685335	82.451601
17.690894	81.613032
17.696456	80.786105
17.702019	79.970631
17.707578	79.166423
17.713141	78.373297
17.718703	77.591072
17.724263	76.819571
17.729825	76.058619
17.735387	75.308045
17.740947	74.567680
17.746509	73.837358
17.752072	73.116917
17.757631	72.406196
17.763194	71.705038
17.768756	71.013290
17.774315	70.330798
17.779878	69.657414
17.785440	68.992992
17.791000	68.337387