-4.982986	14.782137
-4.977427	14.843534
-4.971867	14.905309
-4.966308	14.967465
-4.960749	15.030006
-4.955189	15.092934
-4.949630	15.156253
-4.944071	15.219965
-4.938512	15.284074
-4.932952	15.348584
-4.927393	15.413497
-4.921834	15.478817
-4.916274	15.544546
-4.910715	15.610689
-4.905156	15.677250
-4.899564	15.744230
-4.894005	15.811634
-4.888446	15.879466
-4.882887	15.947728
-4.877327	16.016424
-4.871768	16.085559
-4.866209	16.155136
-4.860649	16.225157
-4.855090	16.295628
-4.849531	16.366552
-4.843971	16.437932
-4.838412	16.509773
-4.832853	16.582078
-4.827294	16.654851
-4.821702	16.728097
-4.816143	16.801819
-4.810584	16.876022
-4.805024	16.950708
-4.799465	17.025884
-4.793906	17.101552
-4.788347	17.177716
-4.782787	17.254383
-4.777228	17.331554
-4.771669	17.409236
-4.766109	17.487431
-4.760550	17.566145
-4.754991	17.645383
-4.749431	17.725148
-4.743872	17.805446
-4.738281	17.886280
-4.732722	17.967656
-4.727162	18.049578
-4.721603	18.132052
-4.716044	18.215081
-4.710484	18.298671
-4.704925	18.382827
-4.699366	18.467554
-4.693806	18.552856
-4.688247	18.638740
-4.682688	18.725209
-4.677129	18.812270
-4.671569	18.899927
-4.666010	18.988186
-4.660451	19.077053
-4.654891	19.166532
-4.649300	19.256629
-4.643741	19.347350
-4.638182	19.438700
-4.632622	19.530685
-4.627063	19.623311
-4.621504	19.716583
-4.615944	19.810508
-4.610385	19.905092
-4.604826	20.000339
-4.599266	20.096257
-4.593707	20.192852
-4.588148	20.290130
-4.582589	20.388096
-4.577029	20.486758
-4.571470	20.586122
-4.565879	20.686193
-4.560319	20.786980
-4.554760	20.888488
-4.549201	20.990725
-4.543641	21.093696
-4.538082	21.197409
-4.532523	21.301871
-4.526964	21.407089
-4.521404	21.513069
-4.515845	21.619820
-4.510286	21.727347
-4.504726	21.835660
-4.499167	21.944764
-4.493608	22.054668
-4.488048	22.165379
-4.482457	22.276905
-4.476898	22.389253
-4.471339	22.502432
-4.465779	22.616449
-4.460220	22.731313
-4.454661	22.847031
-4.449101	22.963612
-4.443542	23.081064
-4.437983	23.199396
-4.432423	23.318616
-4.426864	23.438732
-4.421305	23.559754
-4.415746	23.681690
-4.410186	23.804549
-4.404627	23.928341
-4.399036	24.053073
-4.393476	24.178757
-4.387917	24.305400
-4.382358	24.433013
-4.376799	24.561604
-4.371239	24.691185
-4.365680	24.821764
-4.360121	24.953351
-4.354561	25.085957
-4.349002	25.219592
-4.343443	25.354265
-4.337883	25.489988
-4.332324	25.626771
-4.326765	25.764624
-4.321206	25.903559
-4.315614	26.043586
-4.310055	26.184717
-4.304496	26.326962
-4.298936	26.470333
-4.293377	26.614841
-4.287818	26.760499
-4.282258	26.907317
-4.276699	27.055308
-4.271140	27.204484
-4.265581	27.354856
-4.260021	27.506438
-4.254462	27.659242
-4.248903	27.813280
-4.243343	27.968566
-4.237784	28.125112
-4.232193	28.282931
-4.226634	28.442037
-4.221074	28.602443
-4.215515	28.764163
-4.209956	28.927210
-4.204396	29.091599
-4.198837	29.257344
-4.193278	29.424459
-4.187718	29.592959
-4.182159	29.762857
-4.176600	29.934171
-4.171041	30.106913
-4.165481	30.281100
-4.159922	30.456747
-4.154363	30.633870
-4.148771	30.812485
-4.143212	30.992607
-4.137653	31.174253
-4.132093	31.357440
-4.126534	31.542184
-4.120975	31.728502
-4.115416	31.916411
-4.109856	32.105928
-4.104297	32.297072
-4.098738	32.489860
-4.093178	32.684310
-4.087619	32.880441
-4.082060	33.078270
-4.076500	33.277817
-4.070941	33.479100
-4.065350	33.682140
-4.059791	33.886955
-4.054231	34.093565
-4.048672	34.301990
-4.043113	34.512251
-4.037553	34.724369
-4.031994	34.938363
-4.026435	35.154255
-4.020876	35.372068
-4.015316	35.591821
-4.009757	35.813538
-4.004198	36.037240
-3.998638	36.262950
-3.993079	36.490692
-3.987520	36.720487
-3.981960	36.952361
-3.976369	37.186336
-3.970810	37.422437
-3.965251	37.660688
-3.959691	37.901114
-3.954132	38.143740
-3.948573	38.388592
-3.943013	38.635696
-3.937454	38.885077
-3.931895	39.136763
-3.926336	39.390780
-3.920776	39.647156
-3.915217	39.905917
-3.909658	40.167093
-3.904098	40.430712
-3.898539	40.696803
-3.892948	40.965394
-3.887388	41.236516
-3.881829	41.510198
-3.876270	41.786472
-3.870711	42.065367
-3.865151	42.346915
-3.859592	42.631149
-3.854033	42.918100
-3.848473	43.207800
-3.842914	43.500284
-3.837355	43.795585
-3.831795	44.093736
-3.826236	44.394772
-3.820677	44.698729
-3.815086	45.005642
-3.809526	45.315547
-3.803967	45.628480
-3.798408	45.944478
-3.792848	46.263580
-3.787289	46.585824
-3.781730	46.911247
-3.776171	47.239889
-3.770611	47.571791
-3.765052	47.906992
-3.759493	48.245533
-3.753933	48.587457
-3.748374	48.932804
-3.742815	49.281618
-3.737255	49.633943
-3.731696	49.989821
-3.726105	50.349299
-3.720546	50.712420
-3.714986	51.079232
-3.709427	51.449780
-3.703868	51.824113
-3.698308	52.202277
-3.692749	52.584321
-3.687190	52.970296
-3.681630	53.360251
-3.676071	53.754236
-3.670512	54.152304
-3.664953	54.554507
-3.659393	54.960898
-3.653834	55.371530
-3.648275	55.786459
-3.642683	56.205740
-3.637124	56.629429
-3.631565	57.057583
-3.626005	57.490260
-3.620446	57.927520
-3.614887	58.369421
-3.609328	58.816025
-3.603768	59.267392
-3.598209	59.723585
-3.592650	60.184668
-3.587090	60.650704
-3.581531	61.121759
-3.575972	61.597900
-3.570412	62.079192
-3.564853	62.565704
-3.559262	63.057506
-3.553703	63.554667
-3.548143	64.057258
-3.542584	64.565353
-3.537025	65.079023
-3.531465	65.598345
-3.525906	66.123392
-3.520347	66.654243
-3.514788	67.190973
-3.509228	67.733664
-3.503669	68.282394
-3.498110	68.837244
-3.492550	69.398299
-3.486991	69.965640
-3.481432	70.539354
-3.475840	71.119526
-3.470281	71.706243
-3.464722	72.299596
-3.459163	72.899673
-3.453603	73.506567
-3.448044	74.120370
-3.442485	74.741176
-3.436925	75.369081
-3.431366	76.004182
-3.425807	76.646578
-3.420247	77.296368
-3.414688	77.953653
-3.409129	78.618537
-3.403570	79.291124
-3.398010	79.971520
-3.392419	80.659832
-3.386860	81.356169
-3.381300	82.060642
-3.375741	82.773363
-3.370182	83.494447
-3.364623	84.224008
-3.359063	84.962164
-3.353504	85.709033
-3.347945	86.464737
-3.342385	87.229397
-3.336826	88.003139
-3.331267	88.786087
-3.325707	89.578369
-3.320148	90.380116
-3.314589	91.191458
-3.308998	92.012529
-3.303438	92.843463
-3.297879	93.684398
-3.292320	94.535474
-3.286760	95.396829
-3.281201	96.268609
-3.275642	97.150957
-3.270083	98.044020
-3.264523	98.947948
-3.258964	99.862890
-3.253405	100.789001
-3.247845	101.726435
-3.242286	102.675350
-3.236727	103.635904
-3.231167	104.608259
-3.225576	105.592579
-3.220017	106.589029
-3.214458	107.597777
-3.208898	108.618993
-3.203339	109.652850
-3.197780	110.699522
-3.192220	111.759185
-3.186661	112.832019
-3.181102	113.918204
-3.175542	115.017924
-3.169983	116.131366
-3.164424	117.258715
-3.158865	118.400164
-3.153305	119.555903
-3.147746	120.726128
-3.142155	121.911037
-3.136595	123.110827
-3.131036	124.325700
-3.125477	125.555861
-3.119918	126.801515
-3.114358	128.062871
-3.108799	129.340138
-3.103240	130.633530
-3.097680	131.943261
-3.092121	133.269549
-3.086562	134.612612
-3.081002	135.972672
-3.075443	137.349952
-3.069884	138.744679
-3.064325	140.157078
-3.058765	141.587380
-3.053174	143.035817
-3.047615	144.502621
-3.042055	145.988029
-3.036496	147.492277
-3.030937	149.015603
-3.025377	150.558250
-3.019818	152.120459
-3.014259	153.702473
-3.008700	155.304539
-3.003140	156.926903
-2.997581	158.569812
-2.992022	160.233518
-2.986462	161.918269
-2.980903	163.624319
-2.975344	165.351919
-2.969753	167.101322
-2.964193	168.872784
-2.958634	170.666559
-2.953075	172.482902
-2.947515	174.322069
-2.941956	176.184316
-2.936397	178.069898
-2.930837	179.979073
-2.925278	181.912094
-2.919719	183.869218
-2.914160	185.850698
-2.908600	187.856789
-2.903041	189.887744
-2.897482	191.943813
-2.891890	194.025246
-2.886331	196.132293
-2.880772	198.265199
-2.875212	200.424208
-2.869653	202.609563
-2.864094	204.821503
-2.858535	207.060264
-2.852975	209.326079
-2.847416	211.619177
-2.841857	213.939785
-2.836297	216.288123
-2.830738	218.664409
-2.825179	221.068855
-2.819619	223.501667
-2.814060	225.963048
-2.808501	228.453192
-2.802910	230.972290
-2.797350	233.520523
-2.791791	236.098067
-2.786232	238.705090
-2.780672	241.341752
-2.775113	244.008204
-2.769554	246.704589
-2.763995	249.431041
-2.758435	252.187682
-2.752876	254.974628
-2.747317	257.791979
-2.741757	260.639829
-2.736198	263.518255
-2.730639	266.427325
-2.725079	269.367095
-2.719488	272.337605
-2.713929	275.338883
-2.708370	278.370940
-2.702810	281.433776
-2.697251	284.527373
-2.691692	287.651697
-2.686132	290.806697
-2.680573	293.992306
-2.675014	297.208439
-2.669454	300.454991
-2.663895	303.731841
-2.658336	307.038845
-2.652777	310.375842
-2.647217	313.742650
-2.641658	317.139063
-2.636067	320.564857
-2.630507	324.019784
-2.624948	327.503573
-2.619389	331.015930
-2.613829	334.556539
-2.608270	338.125057
-2.602711	341.721118
-2.597152	345.344332
-2.591592	348.994281
-2.586033	352.670522
-2.580474	356.372588
-2.574914	360.099982
-2.569355	363.852183
-2.563796	367.628641
-2.558236	371.428780
-2.552645	375.251996
-2.547086	379.097657
-2.541527	382.965103
-2.535967	386.853647
-2.530408	390.762574
-2.524849	394.691140
-2.519289	398.638576
-2.513730	402.604081
-2.508171	406.586831
-2.502612	410.585972
-2.497052	414.600623
-2.491493	418.629879
-2.485934	422.672805
-2.480374	426.728443
-2.474815	430.795809
-2.469224	434.873895
-2.463664	438.961667
-2.458105	443.058070
-2.452546	447.162026
-2.446987	451.272434
-2.441427	455.388173
-2.435868	459.508104
-2.430309	463.631066
-2.424749	467.755883
-2.419190	471.881361
-2.413631	476.006291
-2.408071	480.129451
-2.402512	484.249606
-2.396953	488.365507
-2.391394	492.475900
-2.385834	496.579517
-2.380243	500.675089
-2.374684	504.761337
-2.369124	508.836981
-2.363565	512.900737
-2.358006	516.951323
-2.352447	520.987456
-2.346887	525.007859
-2.341328	529.011257
-2.335769	532.996383
-2.330209	536.961979
-2.324650	540.906796
-2.319091	544.829598
-2.313531	548.729162
-2.307972	552.604282
-2.302381	556.453768
-2.296822	560.276451
-2.291262	564.071181
-2.285703	567.836832
-2.280144	571.572302
-2.274584	575.276514
-2.269025	578.948420
-2.263466	582.587001
-2.257907	586.191267
-2.252347	589.760263
-2.246788	593.293065
-2.241229	596.788785
-2.235669	600.246569
-2.230110	603.665604
-2.224551	607.045111
-2.218959	610.384354
-2.213400	613.682634
-2.207841	616.939295
-2.202282	620.153723
-2.196722	623.325344
-2.191163	626.453631
-2.185604	629.538097
-2.180044	632.578299
-2.174485	635.573841
-2.168926	638.524367
-2.163366	641.429570
-2.157807	644.289183
-2.152248	647.102986
-2.146689	649.870801
-2.141129	652.592495
-2.135570	655.267977
-2.129979	657.897200
-2.124419	660.480158
-2.118860	663.016887
-2.113301	665.507462
-2.107742	667.951999
-2.102182	670.350654
-2.096623	672.703617
-2.091064	675.011118
-2.085504	677.273420
-2.079945	679.490823
-2.074386	681.663658
-2.068826	683.792287
-2.063267	685.877103
-2.057708	687.918529
-2.052149	689.917013
-2.046557	691.873031
-2.040998	693.787080
-2.035439	695.659685
-2.029879	697.491387
-2.024320	699.282748
-2.018761	701.034351
-2.013201	702.746792
-2.007642	704.420682
-2.002083	706.056648
-1.996524	707.655327
-1.990964	709.217365
-1.985405	710.743420
-1.979846	712.234156
-1.974286	713.690241
-1.968695	715.112350
-1.963136	716.501161
-1.957577	717.857354
-1.952017	719.181610
-1.946458	720.474608
-1.940899	721.737027
-1.935339	722.969544
-1.929780	724.172832
-1.924221	725.347559
-1.918661	726.494389
-1.913102	727.613980
-1.907543	728.706981
-1.901984	729.774037
-1.896424	730.815783
-1.890865	731.832845
-1.885306	732.825843
-1.879714	733.795385
-1.874155	734.742069
-1.868596	735.666485
-1.863036	736.569213
-1.857477	737.450820
-1.851918	738.311864
-1.846359	739.152894
-1.840799	739.974445
-1.835240	740.777043
-1.829681	741.561205
-1.824121	742.327435
-1.818562	743.076227
-1.813003	743.808064
-1.807443	744.523421
-1.801884	745.222761
-1.796293	745.906536
-1.790734	746.575191
-1.785174	747.229158
-1.779615	747.868861
-1.774056	748.494716
-1.768496	749.107127
-1.762937	749.706491
-1.757378	750.293195
-1.751818	750.867617
-1.746259	751.430128
-1.740700	751.981088
-1.735141	752.520850
-1.729581	753.049760
-1.724022	753.568152
-1.718463	754.076356
-1.712871	754.574691
-1.707312	755.063468
-1.701753	755.542993
-1.696194	756.013560
-1.690634	756.475458
-1.685075	756.928966
-1.679516	757.374356
-1.673956	757.811893
-1.668397	758.241832
-1.662838	758.664422
-1.657278	759.079903
-1.651719	759.488506
-1.646160	759.890457
-1.640601	760.285971
-1.635041	760.675257
-1.629450	761.058515
-1.623891	761.435940
-1.618331	761.807715
-1.612772	762.174018
-1.607213	762.535019
-1.601653	762.890881
-1.596094	763.241759
-1.590535	763.587800
-1.584976	763.929147
-1.579416	764.265932
-1.573857	764.598284
-1.568298	764.926323
-1.562738	765.250164
-1.557179	765.569917
-1.551620	765.885685
-1.546029	766.197566
-1.540469	766.505652
-1.534910	766.810032
-1.529351	767.110789
-1.523791	767.408002
-1.518232	767.701747
-1.512673	767.992095
-1.507113	768.279116
-1.501554	768.562874
-1.495995	768.843432
-1.490436	769.120851
-1.484876	769.395189
-1.479317	769.666504
-1.473758	769.934850
-1.468198	770.200280
-1.462639	770.462849
-1.457048	770.722607
-1.451488	770.979605
-1.445929	771.233895
-1.440370	771.485527
-1.434811	771.734550
-1.429251	771.981015
-1.423692	772.224972
-1.418133	772.466469
-1.412573	772.705558
-1.407014	772.942288
-1.401455	773.176709
-1.395895	773.408870
-1.390336	773.638821
-1.384777	773.866611
-1.379186	774.092291
-1.373626	774.315908
-1.368067	774.537511
-1.362508	774.757148
-1.356948	774.974865
-1.351389	775.190708
-1.345830	775.404723
-1.340271	775.616953
-1.334711	775.827441
-1.329152	776.036227
-1.323593	776.243351
-1.318033	776.448849
-1.312474	776.652759
-1.306915	776.855112
-1.301355	777.055941
-1.295764	777.255275
-1.290205	777.453141
-1.284646	777.649564
-1.279086	777.844565
-1.273527	778.038166
-1.267968	778.230384
-1.262408	778.421235
-1.256849	778.610731
-1.251290	778.798884
-1.245731	778.985704
-1.240171	779.171196
-1.234612	779.355366
-1.229053	779.538218
-1.223493	779.719754
-1.217934	779.899974
-1.212375	780.078877
-1.206783	780.256463
-1.201224	780.432729
-1.195665	780.607671
-1.190106	780.781286
-1.184546	780.953571
-1.178987	781.124523
-1.173428	781.294137
-1.167868	781.462410
-1.162309	781.629341
-1.156750	781.794928
-1.151190	781.959169
-1.145631	782.122066
-1.140072	782.283620
-1.134513	782.443834
-1.128953	782.602712
-1.123362	782.760261
-1.117803	782.916486
-1.112243	783.071399
-1.106684	783.225008
-1.101125	783.377327
-1.095566	783.528370
-1.090006	783.678150
-1.084447	783.826687
-1.078888	783.973997
-1.073328	784.120100
-1.067769	784.265017
-1.062210	784.408769
-1.056650	784.551379
-1.051091	784.692871
-1.045532	784.833267
-1.039941	784.972592
-1.034381	785.110871
-1.028822	785.248127
-1.023263	785.384384
-1.017703	785.519667
-1.012144	785.653997
-1.006585	785.787398
-1.001025	785.919890
-0.995466	786.051495
-0.989907	786.182229
-0.984348	786.312113
-0.978788	786.441160
-0.973229	786.569387
-0.967670	786.696804
-0.962110	786.823425
-0.956519	786.949257
-0.950960	787.074309
-0.945401	787.198585
-0.939841	787.322090
-0.934282	787.444825
-0.928723	787.566791
-0.923163	787.687986
-0.917604	787.808409
-0.912045	787.928053
-0.906485	788.046914
-0.900926	788.164985
-0.895367	788.282258
-0.889807	788.398725
-0.884248	788.514376
-0.878689	788.629202
-0.873098	788.743193
-0.867538	788.856338
-0.861979	788.968629
-0.856420	789.080056
-0.850860	789.190608
-0.845301	789.300279
-0.839742	789.409060
-0.834183	789.516945
-0.828623	789.623928
-0.823064	789.730006
-0.817505	789.835174
-0.811945	789.939433
-0.806386	790.042783
-0.800827	790.145224
-0.795267	790.246761
-0.789676	790.347400
-0.784117	790.447146
-0.778558	790.546009
-0.772998	790.643998
-0.767439	790.741125
-0.761880	790.837404
-0.756320	790.932849
-0.750761	791.027476
-0.745202	791.121302
-0.739642	791.214344
-0.734083	791.306621
-0.728524	791.398152
-0.722965	791.488957
-0.717405	791.579057
-0.711846	791.668470
-0.706255	791.757218
-0.700695	791.845319
-0.695136	791.932793
-0.689577	792.019658
-0.684018	792.105932
-0.678458	792.191631
-0.672899	792.276771
-0.667340	792.361365
-0.661780	792.445427
-0.656221	792.528967
-0.650662	792.611995
-0.645102	792.694518
-0.639543	792.776543
-0.633984	792.858073
-0.628425	792.939111
-0.622833	793.019658
-0.617274	793.099712
-0.611715	793.179270
-0.606155	793.258327
-0.600596	793.336878
-0.595037	793.414914
-0.589477	793.492427
-0.583918	793.569406
-0.578359	793.645840
-0.572800	793.721718
-0.567240	793.797025
-0.561681	793.871750
-0.556122	793.945877
-0.550562	794.019394
-0.545003	794.092287
-0.539444	794.164542
-0.533853	794.236146
-0.528293	794.307087
-0.522734	794.377352
-0.517175	794.446932
-0.511615	794.515816
-0.506056	794.583997
-0.500497	794.651467
-0.494937	794.718220
-0.489378	794.784253
-0.483819	794.849564
-0.478260	794.914151
-0.472700	794.978015
-0.467141	795.041161
-0.461582	795.103591
-0.455990	795.165311
-0.450431	795.226331
-0.444872	795.286658
-0.439312	795.346304
-0.433753	795.405280
-0.428194	795.463600
-0.422635	795.521278
-0.417075	795.578328
-0.411516	795.634768
-0.405957	795.690613
-0.400397	795.745880
-0.394838	795.800586
-0.389279	795.854748
-0.383720	795.908383
-0.378160	795.961507
-0.372569	796.014136
-0.367010	796.066285
-0.361450	796.117968
-0.355891	796.169198
-0.350332	796.219987
-0.344772	796.270345
-0.339213	796.320282
-0.333654	796.369804
-0.328095	796.418918
-0.322535	796.467627
-0.316976	796.515933
-0.311417	796.563837
-0.305857	796.611337
-0.300298	796.658430
-0.294739	796.705112
-0.289179	796.751375
-0.283588	796.797211
-0.278029	796.842611
-0.272470	796.887564
-0.266910	796.932056
-0.261351	796.976075
-0.255792	797.019607
-0.250232	797.062635
-0.244673	797.105145
-0.239114	797.147120
-0.233555	797.188543
-0.227995	797.229399
-0.222436	797.269671
-0.216877	797.309343
-0.211317	797.348399
-0.205758	797.386826
-0.200167	797.424608
-0.194607	797.461734
-0.189048	797.498191
-0.183489	797.533970
-0.177930	797.569062
-0.172370	797.603459
-0.166811	797.637155
-0.161252	797.670147
-0.155692	797.702431
-0.150133	797.734008
-0.144574	797.764878
-0.139014	797.795043
-0.133455	797.824509
-0.127896	797.853281
-0.122337	797.881366
-0.116745	797.908772
-0.111186	797.935511
-0.105627	797.961592
-0.100067	797.987028
-0.094508	798.011831
-0.088949	798.036016
-0.083390	798.059595
-0.077830	798.082582
-0.072271	798.104993
-0.066712	798.126841
-0.061152	798.148139
-0.055593	798.168901
-0.050034	798.189139
-0.044474	798.208866
-0.038915	798.228090
-0.033324	798.246823
-0.027765	798.265071
-0.022205	798.282842
-0.016646	798.300140
-0.011087	798.316970
-0.005527	798.333332
0.000032	798.349226
0.005591	798.364651
0.011151	798.379602
0.016710	798.394075
0.022269	798.408061
0.027828	798.421553
0.033388	798.434538
0.038947	798.447004
0.044506	798.458939
0.050098	798.470326
0.055657	798.481149
0.061216	798.491392
0.066776	798.501035
0.072335	798.510061
0.077894	798.518448
0.083453	798.526178
0.089013	798.533231
0.094572	798.539586
0.100131	798.545224
0.105691	798.550127
0.111250	798.554274
0.116809	798.557648
0.122369	798.560233
0.127928	798.562013
0.133519	798.562972
0.139078	798.563098
0.144638	798.562379
0.150197	798.560804
0.155756	798.558364
0.161316	798.555054
0.166875	798.550867
0.172434	798.545799
0.177993	798.539849
0.183553	798.533015
0.189112	798.525300
0.194671	798.516706
0.200231	798.507236
0.205790	798.496895
0.211349	798.485692
0.216941	798.473631
0.222500	798.460722
0.228059	798.446974
0.233618	798.432396
0.239178	798.416998
0.244737	798.400789
0.250296	798.383778
0.255856	798.365977
0.261415	798.347393
0.266974	798.328034
0.272534	798.307909
0.278093	798.287024
0.283652	798.265383
0.289211	798.242992
0.294771	798.219853
0.300362	798.195967
0.305921	798.171333
0.311481	798.145949
0.317040	798.119810
0.322599	798.092912
0.328158	798.065246
0.333718	798.036803
0.339277	798.007571
0.344836	797.977536
0.350396	797.946685
0.355955	797.915000
0.361514	797.882464
0.367074	797.849056
0.372633	797.814757
0.378192	797.779543
0.383751	797.743393
0.389343	797.706282
0.394902	797.668187
0.400461	797.629082
0.406021	797.588943
0.411580	797.547744
0.417139	797.505461
0.422699	797.462069
0.428258	797.417544
0.433817	797.371863
0.439376	797.325004
0.444936	797.276945
0.450495	797.227666
0.456054	797.177147
0.461614	797.125373
0.467173	797.072326
0.472764	797.017993
0.478323	796.962361
0.483883	796.905419
0.489442	796.847158
0.495001	796.787570
0.500561	796.726649
0.506120	796.664393
0.511679	796.600797
0.517239	796.535862
0.522798	796.469587
0.528357	796.401975
0.533916	796.333028
0.539476	796.262751
0.545035	796.191148
0.550626	796.118226
0.556186	796.043990
0.561745	795.968448
0.567304	795.891605
0.572863	795.813470
0.578423	795.734048
0.583982	795.653346
0.589541	795.571371
0.595101	795.488127
0.600660	795.403620
0.606219	795.317852
0.611779	795.230827
0.617338	795.142546
0.622897	795.053010
0.628456	794.962217
0.634016	794.870166
0.639607	794.776852
0.645166	794.682271
0.650726	794.586417
0.656285	794.489282
0.661844	794.390858
0.667404	794.291134
0.672963	794.190099
0.678522	794.087743
0.684081	793.984052
0.689641	793.879013
0.695200	793.772612
0.700759	793.664837
0.706319	793.555672
0.711878	793.445106
0.717437	793.333123
0.723028	793.219712
0.728588	793.104861
0.734147	792.988560
0.739706	792.870798
0.745266	792.751570
0.750825	792.630867
0.756384	792.508688
0.761944	792.385029
0.767503	792.259892
0.773062	792.133280
0.778621	792.005198
0.784181	791.875656
0.789740	791.744664
0.795299	791.612238
0.800859	791.478395
0.806450	791.343156
0.812009	791.206546
0.817569	791.068592
0.823128	790.929324
0.828687	790.788775
0.834246	790.646984
0.839806	790.503989
0.845365	790.359832
0.850924	790.214560
0.856484	790.068220
0.862043	789.920862
0.867602	789.772539
0.873162	789.623305
0.878721	789.473217
0.884280	789.322333
0.889871	789.170712
0.895431	789.018414
0.900990	788.865501
0.906549	788.712035
0.912109	788.558079
0.917668	788.403695
0.923227	788.248946
0.928786	788.093894
0.934346	787.938602
0.939905	787.783131
0.945464	787.627541
0.951024	787.471892
0.956583	787.316243
0.962142	787.160649
0.967702	787.005168
0.973293	786.849852
0.978852	786.694755
0.984411	786.539926
0.989971	786.385416
0.995530	786.231270
1.001089	786.077535
1.006649	785.924253
1.012208	785.771467
1.017767	785.619217
1.023327	785.467540
1.028886	785.316472
1.034445	785.166050
1.040004	785.016306
1.045564	784.867272
1.051123	784.718978
1.056714	784.571454
1.062274	784.424729
1.067833	784.278828
1.073392	784.133779
1.078952	783.989607
1.084511	783.846335
1.090070	783.703989
1.095629	783.562591
1.101189	783.422165
1.106748	783.282732
1.112307	783.144315
1.117867	783.006937
1.123426	782.870617
1.128985	782.735379
1.134545	782.601242
1.140136	782.468229
1.145695	782.336360
1.151254	782.205655
1.156814	782.076135
1.162373	781.947820
1.167932	781.820730
1.173492	781.694883
1.179051	781.570300
1.184610	781.446999
1.190169	781.324996
1.195729	781.204310
1.201288	781.084956
1.206847	780.966950
1.212407	780.850307
1.217966	780.735039
1.223557	780.621160
1.229117	780.508679
1.234676	780.397607
1.240235	780.287951
1.245794	780.179719
1.251354	780.072916
1.256913	779.967545
1.262472	779.863609
1.268032	779.761107
1.273591	779.660040
1.279150	779.560402
1.284710	779.462191
1.290269	779.365400
1.295828	779.270020
1.301387	779.176044
1.306947	779.083459
1.312538	778.992254
1.318097	778.902416
1.323657	778.813929
1.329216	778.726777
1.334775	778.640945
1.340334	778.556414
1.345894	778.473166
1.351453	778.391182
1.357012	778.310443
1.362572	778.230929
1.368131	778.152620
1.373690	778.075498
1.379250	777.999541
1.384809	777.924732
1.390368	777.851050
1.395959	777.778478
1.401519	777.706999
1.407078	777.636595
1.412637	777.567250
1.418197	777.498950
1.423756	777.431681
1.429315	777.365430
1.434874	777.300186
1.440434	777.235939
1.445993	777.172678
1.451552	777.110398
1.457112	777.049091
1.462671	776.988751
1.468230	776.929375
1.473822	776.870960
1.479381	776.813504
1.484940	776.757005
1.490499	776.701465
1.496059	776.646883
1.501618	776.593261
1.507177	776.540601
1.512737	776.488906
1.518296	776.438179
1.523855	776.388423
1.529415	776.339640
1.534974	776.291835
1.540533	776.245009
1.546092	776.199167
1.551652	776.154309
1.557211	776.110438
1.562802	776.067555
1.568362	776.025661
1.573921	775.984753
1.579480	775.944833
1.585039	775.905896
1.590599	775.867940
1.596158	775.830961
1.601717	775.794952
1.607277	775.759907
1.612836	775.725819
1.618395	775.692680
1.623955	775.660478
1.629514	775.629204
1.635073	775.598845
1.640632	775.569390
1.646224	775.540826
1.651783	775.513137
1.657342	775.486310
1.662902	775.460330
1.668461	775.435181
1.674020	775.410848
1.679580	775.387315
1.685139	775.364568
1.690698	775.342590
1.696257	775.321366
1.701817	775.300882
1.707376	775.281124
1.712935	775.262078
1.718495	775.243732
1.724054	775.226075
1.729645	775.209096
1.735204	775.192784
1.740764	775.177133
1.746323	775.162134
1.751882	775.147782
1.757442	775.134073
1.763001	775.121002
1.768560	775.108569
1.774120	775.096773
1.779679	775.085615
1.785238	775.075096
1.790797	775.065220
1.796357	775.055992
1.801916	775.047417
1.807475	775.039501
1.813067	775.032253
1.818626	775.025680
1.824185	775.019791
1.829745	775.014596
1.835304	775.010105
1.840863	775.006328
1.846422	775.003275
1.851982	775.000958
1.857541	774.999386
1.863100	774.998569
1.868660	774.998519
1.874219	774.999243
1.879778	775.000751
1.885338	775.003052
1.890897	775.006152
1.896488	775.010058
1.902047	775.014775
1.907607	775.020310
1.913166	775.026664
1.918725	775.033841
1.924285	775.041843
1.929844	775.050670
1.935403	775.060320
1.940963	775.070794
1.946522	775.082088
1.952081	775.094199
1.957640	775.107122
1.963200	775.120852
1.968759	775.135384
1.974318	775.150710
1.979878	775.166825
1.985469	775.183720
1.991028	775.201388
1.996587	775.219821
2.002147	775.239013
2.007706	775.258954
2.013265	775.279638
2.018825	775.301058
2.024384	775.323208
2.029943	775.346082
2.035503	775.369675
2.041062	775.393983
2.046621	775.419003
2.052180	775.444733
2.057740	775.471172
2.063331	775.498321
2.068890	775.526181
2.074450	775.554755
2.080009	775.584047
2.085568	775.614064
2.091128	775.644812
2.096687	775.676299
2.102246	775.708536
2.107805	775.741532
2.113365	775.775301
2.118924	775.809856
2.124483	775.845210
2.130043	775.881379
2.135602	775.918380
2.141161	775.956229
2.146752	775.994943
2.152312	776.034541
2.157871	776.075042
2.163430	776.116462
2.168990	776.158822
2.174549	776.202140
2.180108	776.246435
2.185668	776.291724
2.191227	776.338026
2.196786	776.385358
2.202345	776.433736
2.207905	776.483177
2.213464	776.533695
2.219023	776.585304
2.224583	776.638019
2.230142	776.691850
2.235733	776.746809
2.241293	776.802907
2.246852	776.860150
2.252411	776.918549
2.257970	776.978108
2.263530	777.038834
2.269089	777.100731
2.274648	777.163803
2.280208	777.228052
2.285767	777.293480
2.291326	777.360088
2.296886	777.427877
2.302445	777.496845
2.308004	777.566994
2.313563	777.638322
2.319155	777.710827
2.324714	777.784509
2.330273	777.859367
2.335833	777.935399
2.341392	778.012606
2.346951	778.090986
2.352510	778.170541
2.358070	778.251271
2.363629	778.333178
2.369188	778.416264
2.374748	778.500534
2.380307	778.585990
2.385866	778.672638
2.391426	778.760485
2.396985	778.849538
2.402576	778.939805
2.408135	779.031296
2.413695	779.124020
2.419254	779.217990
2.424813	779.313217
2.430373	779.409715
2.435932	779.507497
2.441491	779.606579
2.447050	779.706974
2.452610	779.808698
2.458169	779.911768
2.463728	780.016198
2.469288	780.122006
2.474847	780.229207
2.480406	780.337816
2.485998	780.447848
2.491557	780.559319
2.497116	780.672242
2.502675	780.786630
2.508235	780.902495
2.513794	781.019847
2.519353	781.138696
2.524913	781.259049
2.530472	781.380914
2.536031	781.504295
2.541591	781.629194
2.547150	781.755614
2.552709	781.883552
2.558268	782.013006
2.563828	782.143972
2.569419	782.276442
2.574978	782.410406
2.580538	782.545855
2.586097	782.682775
2.591656	782.821151
2.597215	782.960965
2.602775	783.102199
2.608334	783.244831
2.613893	783.388839
2.619453	783.534198
2.625012	783.680883
2.630571	783.828864
2.636131	783.978114
2.641690	784.128602
2.647249	784.280297
2.652840	784.433165
2.658400	784.587174
2.663959	784.742289
2.669518	784.898474
2.675078	785.055693
2.680637	785.213911
2.686196	785.373091
2.691756	785.533194
2.697315	785.694184
2.702874	785.856022
2.708433	786.018671
2.713993	786.182092
2.719552	786.346247
2.725111	786.511098
2.730671	786.676605
2.736262	786.842730
2.741821	787.009434
2.747380	787.176678
2.752940	787.344423
2.758499	787.512628
2.764058	787.681255
2.769618	787.850262
2.775177	788.019609
2.780736	788.189255
2.786296	788.359156
2.791855	788.529271
2.797414	788.699555
2.802974	788.869965
2.808533	789.040454
2.814092	789.210975
2.819683	789.381481
2.825243	789.551922
2.830802	789.722247
2.836361	789.892406
2.841921	790.062343
2.847480	790.232005
2.853039	790.401335
2.858598	790.570274
2.864158	790.738764
2.869717	790.906744
2.875276	791.074150
2.880836	791.240918
2.886395	791.406985
2.891954	791.572282
2.897514	791.736742
2.903073	791.900295
2.908664	792.062873
2.914223	792.224404
2.919783	792.384816
2.925342	792.544037
2.930901	792.701995
2.936461	792.858617
2.942020	793.013829
2.947579	793.167560
2.953139	793.319735
2.958698	793.470284
2.964257	793.619136
2.969816	793.766218
2.975376	793.911462
2.980935	794.054800
2.986526	794.196164
2.992086	794.335490
2.997645	794.472712
3.003204	794.607770
3.008763	794.740603
3.014323	794.871153
3.019882	794.999365
3.025441	795.125184
3.031001	795.248560
3.036560	795.369443
3.042119	795.487786
3.047679	795.603546
3.053238	795.716679
3.058797	795.827147
3.064356	795.934912
3.069948	796.039938
3.075507	796.142193
3.081066	796.241645
3.086626	796.338265
3.092185	796.432026
3.097744	796.522902
3.103304	796.610869
3.108863	796.695904
3.114422	796.777986
3.119981	796.857094
3.125541	796.933208
3.131100	797.006310
3.136659	797.076382
3.142219	797.143404
3.147778	797.207361
3.153337	797.268234
3.158928	797.326006
3.164488	797.380659
3.170047	797.432175
3.175606	797.480536
3.181166	797.525722
3.186725	797.567713
3.192284	797.606490
3.197844	797.642032
3.203403	797.674315
3.208962	797.703319
3.214521	797.729018
3.220081	797.751388
3.225640	797.770405
3.231199	797.786041
3.236759	797.798271
3.242350	797.807065
3.247909	797.812397
3.253468	797.814236
3.259028	797.812555
3.264587	797.807322
3.270146	797.798508
3.275706	797.786082
3.281265	797.770015
3.286824	797.750276
3.292384	797.726835
3.297943	797.699661
3.303502	797.668727
3.309061	797.634002
3.314621	797.595458
3.320180	797.553068
3.325771	797.506804
3.331331	797.456641
3.336890	797.402552
3.342449	797.344514
3.348009	797.282503
3.353568	797.216497
3.359127	797.146474
3.364686	797.072413
3.370246	796.994296
3.375805	796.912102
3.381364	796.825815
3.386924	796.735418
3.392483	796.640892
3.398042	796.542224
3.403602	796.439398
3.409193	796.332397
3.414752	796.221208
3.420311	796.105816
3.425871	795.986206
3.431430	795.862363
3.436989	795.734271
3.442549	795.601915
3.448108	795.465277
3.453667	795.324341
3.459226	795.179088
3.464786	795.029498
3.470345	794.875549
3.475904	794.717221
3.481464	794.554488
3.487023	794.387325
3.492614	794.215704
3.498174	794.039597
3.503733	793.858972
3.509292	793.673795
3.514851	793.484031
3.520411	793.289643
3.525970	793.090590
3.531529	792.886831
3.537089	792.678322
3.542648	792.465018
3.548207	792.246868
3.553767	792.023825
3.559326	791.795835
3.564885	791.562844
3.570444	791.324798
3.576036	791.081637
3.581595	790.833305
3.587154	790.579740
3.592714	790.320880
3.598273	790.056663
3.603832	789.787026
3.609391	789.511903
3.614951	789.231228
3.620510	788.944937
3.626069	788.652961
3.631629	788.355234
3.637188	788.051689
3.642747	787.742258
3.648307	787.426873
3.653866	787.105468
3.659457	786.777973
3.665016	786.444322
3.670576	786.104448
3.676135	785.758283
3.681694	785.405761
3.687254	785.046815
3.692813	784.681378
3.698372	784.309384
3.703932	783.930767
3.709491	783.545461
3.715050	783.153399
3.720609	782.754516
3.726169	782.348744
3.731728	781.936017
3.737287	781.516267
3.742879	781.089428
3.748438	780.655430
3.753997	780.214204
3.759557	779.765680
3.765116	779.309788
3.770675	778.846453
3.776234	778.375604
3.781794	777.897163
3.787353	777.411055
3.792912	776.917201
3.798472	776.415521
3.804031	775.905932
3.809590	775.388351
3.815150	774.862690
3.820709	774.328861
3.826268	773.786775
3.831859	773.236338
3.837419	772.677456
3.842978	772.110031
3.848537	771.533964
3.854097	770.949154
3.859656	770.355498
3.865215	769.752891
3.870774	769.141226
3.876334	768.520393
3.881893	767.890283
3.887452	767.250783
3.893012	766.601781
3.898571	765.943161
3.904130	765.274810
3.909690	764.596609
3.915281	763.908444
3.920840	763.210196
3.926399	762.501749
3.931959	761.782984
3.937518	761.053785
3.943077	760.314035
3.948637	759.563618
3.954196	758.802417
3.959755	758.030320
3.965315	757.247211
3.970874	756.452980
3.976433	755.647515
3.981992	754.830708
3.987552	754.002452
3.993143	753.162641
3.998702	752.311172
4.004262	751.447945
4.009821	750.572860
4.015380	749.685821
4.020939	748.786733
4.026499	747.875507
4.032058	746.952051
4.037617	746.016280
4.043177	745.068110
4.048736	744.107460
4.054295	743.134250
4.059855	742.148404
4.065414	741.149850
4.070973	740.138516
4.076532	739.114334
4.082124	738.077238
4.087683	737.027166
4.093242	735.964058
4.098802	734.887855
4.104361	733.798502
4.109920	732.695948
4.115480	731.580144
4.121039	730.451041
4.126598	729.308597
4.132157	728.152770
4.137717	726.983523
4.143276	725.800820
4.148835	724.604630
4.154395	723.394925
4.159954	722.171679
4.165545	720.934870
4.171104	719.684483
4.176664	718.420502
4.182223	717.142918
4.187782	715.851727
4.193342	714.546927
4.198901	713.228523
4.204460	711.896524
4.210020	710.550944
4.215579	709.191804
4.221138	707.819129
4.226697	706.432951
4.232257	705.033308
4.237816	703.620244
4.243375	702.193811
4.248967	700.754066
4.254526	699.301076
4.260085	697.834912
4.265644	696.355656
4.271204	694.863395
4.276763	693.358224
4.282322	691.840249
4.287882	690.309581
4.293441	688.766341
4.299000	687.210657
4.304560	685.642667
4.310119	684.062516
4.315678	682.470357
4.321237	680.866354
4.326797	679.250675
4.332388	677.623501
4.337947	675.985017
4.343507	674.335417
4.349066	672.674905
4.354625	671.003688
4.360185	669.321984
4.365744	667.630016
4.371303	665.928015
4.376862	664.216217
4.382422	662.494864
4.387981	660.764205
4.393540	659.024492
4.399100	657.275985
4.404659	655.518946
4.410218	653.753641
4.415809	651.980341
4.421369	650.199320
4.426928	648.410855
4.432487	646.615224
4.438047	644.812708
4.443606	643.003592
4.449165	641.188157
4.454725	639.366690
4.460284	637.539476
4.465843	635.706800
4.471402	633.868949
4.476962	632.026206
4.482521	630.178857
4.488080	628.327185
4.493640	626.471472
4.499231	624.612000
4.504790	622.749046
4.510350	620.882890
4.515909	619.013806
4.521468	617.142070
4.527027	615.267951
4.532587	613.391721
4.538146	611.513648
4.543705	609.633996
4.549265	607.753031
4.554824	605.871014
4.560383	603.988206
4.565943	602.104865
4.571502	600.221248
4.577061	598.337612
4.582652	596.454211
4.588212	594.571299
4.593771	592.689128
4.599330	590.807951
4.604890	588.928020
4.610449	587.049587
4.616008	585.172904
4.621568	583.298222
4.627127	581.425796
4.632686	579.555878
4.638245	577.688722
4.643805	575.824586
4.649364	573.963726
4.654923	572.106400
4.660483	570.252869
4.666074	568.403397
4.671633	566.558246
4.677192	564.717685
4.682752	562.881981
4.688311	561.051407
4.693870	559.226235
4.699430	557.406744
4.704989	555.593211
4.710548	553.785918
4.716108	551.985149
4.721667	550.191190
4.727226	548.404330
4.732785	546.624861
4.738345	544.853075
4.743904	543.089269
4.749463	541.333741
4.755055	539.586789
4.760614	537.848715
4.766173	536.119821
4.771733	534.400412
4.777292	532.690793
4.782851	530.991269
4.788410	529.302147
4.793970	527.623735
4.799529	525.956338
4.805088	524.300266
4.810648	522.655823
4.816207	521.023316
4.821766	519.403051
4.827326	517.795331
4.832885	516.200460
4.838476	514.618737
4.844035	513.050463
4.849595	511.495935
4.855154	509.955446
4.860713	508.429290
4.866273	506.917754
4.871832	505.421124
4.877391	503.939684
4.882950	502.473712
4.888510	501.023483
4.894069	499.589269
4.899628	498.171336
4.905188	496.769947
4.910747	495.385361
4.916306	494.017831
4.921898	492.667606
4.927457	491.334930
4.933016	490.020041
4.938575	488.723173
4.944135	487.444556
4.949694	486.184410
4.955253	484.942955
4.960813	483.720402
4.966372	482.516958
4.971931	481.332823
4.977491	480.168192
4.983050	479.023255
4.988609	477.898196
4.994168	476.793192
4.999728	475.708416
5.005319	474.644033
5.010878	473.600205
5.016438	472.577086
5.021997	471.574825
5.027556	470.593566
5.033115	469.633447
5.038675	468.694600
5.044234	467.777152
5.049793	466.881224
5.055353	466.006932
5.060912	465.154388
5.066471	464.323696
5.072031	463.514959
5.077590	462.728270
5.083149	461.963722
5.088740	461.221400
5.094300	460.501386
5.099859	459.803759
5.105418	459.128590
5.110978	458.475948
5.116537	457.845900
5.122096	457.238507
5.127656	456.653825
5.133215	456.091911
5.138774	455.552816
5.144333	455.036587
5.149893	454.543270
5.155452	454.072909
5.161011	453.625544
5.166571	453.201214
5.172162	452.799956
5.177721	452.421803
5.183280	452.066790
5.188840	451.734949
5.194399	451.426309
5.199958	451.140902
5.205518	450.878757
5.211077	450.639902
5.216636	450.424366
5.222196	450.232178
5.227755	450.063365
5.233314	449.917957
5.238873	449.795983
5.244433	449.697474
5.249992	449.622460
5.255583	449.570972
5.261143	449.543045
5.266702	449.538712
5.272261	449.558009
5.277820	449.600974
5.283380	449.667646
5.288939	449.758066
5.294498	449.872277
5.300058	450.010325
5.305617	450.172257
5.311176	450.358123
5.316736	450.567974
5.322295	450.801867
5.327854	451.059857
5.333414	451.342006
5.339005	451.648375
5.344564	451.979031
5.350123	452.334042
5.355683	452.713479
5.361242	453.117416
5.366801	453.545931
5.372361	453.999105
5.377920	454.477021
5.383479	454.979765
5.389038	455.507429
5.394598	456.060105
5.400157	456.637890
5.405716	457.240884
5.411276	457.869191
5.416835	458.522918
5.422426	459.202176
5.427986	459.907079
5.433545	460.637744
5.439104	461.394295
5.444663	462.176855
5.450223	462.985554
5.455782	463.820527
5.461341	464.681909
5.466901	465.569842
5.472460	466.484472
5.478019	467.425949
5.483579	468.394426
5.489138	469.390063
5.494697	470.413021
5.500256	471.463468
5.505848	472.541576
5.511407	473.647522
5.516966	474.781487
5.522526	475.943658
5.528085	477.134226
5.533644	478.353387
5.539203	479.601343
5.544763	480.878299
5.550322	482.184469
5.555881	483.520067
5.561441	484.885317
5.567000	486.280447
5.572559	487.705689
5.578119	489.161282
5.583678	490.647470
5.589237	492.164502
5.594828	493.712633
5.600388	495.292124
5.605947	496.903241
5.611506	498.546256
5.617066	500.221446
5.622625	501.929093
5.628184	503.669486
5.633743	505.442920
5.639303	507.249692
5.644862	509.090108
5.650421	510.964478
5.655981	512.873117
5.661540	514.816346
5.667099	516.794491
5.672691	518.807883
5.678250	520.856858
5.683809	522.941757
5.689368	525.062926
5.694928	527.220715
5.700487	529.415481
5.706046	531.647584
5.711606	533.917388
5.717165	536.225262
5.722724	538.571580
5.728284	540.956720
5.733843	543.381062
5.739402	545.844994
5.744961	548.348904
5.750521	550.893186
5.756080	553.478236
5.761671	556.104456
5.767231	558.772248
5.772790	561.482020
5.778349	564.234181
5.783909	567.029145
5.789468	569.867327
5.795027	572.749144
5.800586	575.675018
5.806146	578.645372
5.811705	581.660629
5.817264	584.721217
5.822824	587.827564
5.828383	590.980099
5.833942	594.179253
5.839502	597.425459
5.845093	600.719147
5.850652	604.060752
5.856211	607.450706
5.861771	610.889441
5.867330	614.377391
5.872889	617.914987
5.878449	621.502658
5.884008	625.140834
5.889567	628.829942
5.895126	632.570406
5.900686	636.362648
5.906245	640.207087
5.911804	644.104137
5.917364	648.054210
5.922923	652.057712
5.928514	656.115043
5.934074	660.226599
5.939633	664.392769
5.945192	668.613935
5.950751	672.890472
5.956311	677.222745
5.961870	681.611113
5.967429	686.055923
5.972989	690.557513
5.978548	695.116211
5.984107	699.732331
5.989667	704.406177
5.995226	709.138037
6.000785	713.928188
6.006344	718.776890
6.011936	723.684389
6.017495	728.650913
6.023054	733.676674
6.028614	738.761865
6.034173	743.906661
6.039732	749.111215
6.045291	754.375661
6.050851	759.700111
6.056410	765.084654
6.061969	770.529356
6.067529	776.034259
6.073088	781.599377
6.078647	787.224701
6.084207	792.910193
6.089766	798.655788
6.095357	804.461392
6.100916	810.326881
6.106476	816.252100
6.112035	822.236862
6.117594	828.280950
6.123154	834.384112
6.128713	840.546063
6.134272	846.766481
6.139831	853.045012
6.145391	859.381264
6.150950	865.774807
6.156509	872.225176
6.162069	878.731867
6.167628	885.294336
6.173187	891.912000
6.178779	898.584239
6.184338	905.310388
6.189897	912.089746
6.195456	918.921567
6.201016	925.805067
6.206575	932.739419
6.212134	939.723752
6.217694	946.757158
6.223253	953.838683
6.228812	960.967332
6.234372	968.142069
6.239931	975.361816
6.245490	982.625453
6.251049	989.931819
6.256609	997.279711
6.262200	1004.667890
6.267759	1012.095071
6.273319	1019.559934
6.278878	1027.061120
6.284437	1034.597231
6.289997	1042.166835
6.295556	1049.768460
6.301115	1057.400603
6.306674	1065.061726
6.312234	1072.750260
6.317793	1080.464603
6.323352	1088.203126
6.328912	1095.964170
6.334471	1103.746051
6.340030	1111.547060
6.345621	1119.365465
6.351181	1127.199514
6.356740	1135.047435
6.362299	1142.907438
6.367859	1150.777721
6.373418	1158.656466
6.378977	1166.541845
6.384537	1174.432024
6.390096	1182.325158
6.395655	1190.219404
6.401214	1198.112911
6.406774	1206.003834
6.412333	1213.890328
6.417892	1221.770554
6.423452	1229.642682
6.429043	1237.504890
6.434602	1245.355370
6.440162	1253.192329
6.445721	1261.013990
6.451280	1268.818596
6.456839	1276.604411
6.462399	1284.369723
6.467958	1292.112846
6.473517	1299.832121
6.479077	1307.525919
6.484636	1315.192642
6.490195	1322.830726
6.495755	1330.438641
6.501314	1338.014895
6.506873	1345.558032
6.512432	1353.066636
6.518024	1360.539331
6.523583	1367.974783
6.529142	1375.371700
6.534702	1382.728834
6.540261	1390.044981
6.545820	1397.318980
6.551379	1404.549717
6.556939	1411.736123
6.562498	1418.877174
6.568057	1425.971893
6.573617	1433.019347
6.579176	1440.018652
6.584735	1446.968965
6.590295	1453.869493
6.595854	1460.719483
6.601445	1467.518230
6.607004	1474.265071
6.612564	1480.959385
6.618123	1487.600595
6.623682	1494.188164
6.629242	1500.721596
6.634801	1507.200435
6.640360	1513.624263
6.645919	1519.992699
6.651479	1526.305399
6.657038	1532.562053
6.662597	1538.762389
6.668157	1544.906163
6.673716	1550.993168
6.679275	1557.023224
6.684867	1562.996183
6.690426	1568.911925
6.695985	1574.770359
6.701544	1580.571419
6.707104	1586.315066
6.712663	1592.001284
6.718222	1597.630083
6.723782	1603.201495
6.729341	1608.715573
6.734900	1614.172394
6.740460	1619.572053
6.746019	1624.914665
6.751578	1630.200366
6.757137	1635.429308
6.762697	1640.601662
6.768288	1645.717617
6.773847	1650.777378
6.779407	1655.781166
6.784966	1660.729219
6.790525	1665.621787
6.796085	1670.459140
6.801644	1675.241559
6.807203	1679.969339
6.812762	1684.642792
6.818322	1689.262239
6.823881	1693.828017
6.829440	1698.340475
6.835000	1702.799974
6.840559	1707.206887
6.846118	1711.561598
6.851709	1715.864505
6.857269	1720.116012
6.862828	1724.316536
6.868387	1728.466505
6.873947	1732.566354
6.879506	1736.616528
6.885065	1740.617479
6.890625	1744.569670
6.896184	1748.473568
6.901743	1752.329648
6.907302	1756.138390
6.912862	1759.900282
6.918421	1763.615815
6.923980	1767.285483
6.929540	1770.909786
6.935131	1774.489226
6.940690	1778.024306
6.946250	1781.515532
6.951809	1784.963410
6.957368	1788.368446
6.962927	1791.731148
6.968487	1795.052019
6.974046	1798.331562
6.979605	1801.570280
6.985165	1804.768669
6.990724	1807.927225
6.996283	1811.046439
7.001842	1814.126796
7.007402	1817.168780
7.012961	1820.172865
7.018552	1823.139524
7.024112	1826.069223
7.029671	1828.962419
7.035230	1831.819567
7.040790	1834.641114
7.046349	1837.427499
7.051908	1840.179158
7.057467	1842.896517
7.063027	1845.579997
7.068586	1848.230013
7.074145	1850.846975
7.079705	1853.431283
7.085264	1855.983334
7.090823	1858.503521
7.096383	1860.992227
7.101974	1863.449833
7.107533	1865.876716
7.113092	1868.273245
7.118652	1870.639789
7.124211	1872.976710
7.129770	1875.284368
7.135330	1877.563119
7.140889	1879.813317
7.146448	1882.035312
7.152008	1884.229455
7.157567	1886.396091
7.163126	1888.535565
7.168685	1890.648222
7.174245	1892.734403
7.179804	1894.794450
7.185395	1896.828702
7.190955	1898.837499
7.196514	1900.821178
7.202073	1902.780078
7.207632	1904.714535
7.213192	1906.624884
7.218751	1908.511459
7.224310	1910.374595
7.229870	1912.214623
7.235429	1914.031873
7.240988	1915.826674
7.246548	1917.599354
7.252107	1919.350236
7.257666	1921.079642
7.263225	1922.787892
7.268817	1924.475301
7.274376	1926.142181
7.279935	1927.788841
7.285495	1929.415585
7.291054	1931.022714
7.296613	1932.610521
7.302173	1934.179298
7.307732	1935.729328
7.313291	1937.260890
7.318850	1938.774257
7.324410	1940.269697
7.329969	1941.747469
7.335528	1943.207828
7.341088	1944.651021
7.346647	1946.077289
7.352238	1947.486868
7.357797	1948.879983
7.363357	1950.256858
7.368916	1951.617705
7.374475	1952.962735
7.380035	1954.292147
7.385594	1955.606140
7.391153	1956.904902
7.396713	1958.188619
7.402272	1959.457470
7.407831	1960.711630
7.413390	1961.951269
7.418950	1963.176552
7.424509	1964.387642
7.430068	1965.584698
7.435628	1966.767875
7.441219	1967.937327
7.446778	1969.093203
7.452337	1970.235653
7.457897	1971.364825
7.463456	1972.480865
7.469015	1973.583918
7.474575	1974.674131
7.480134	1975.751648
7.485693	1976.816615
7.491253	1977.869178
7.496812	1978.909483
7.502371	1979.937678
7.507930	1980.953910
7.513490	1981.958330
7.519049	1982.951087
7.524640	1983.932334
7.530200	1984.902222
7.535759	1985.860906
7.541318	1986.808540
7.546878	1987.745279
7.552437	1988.671279
7.557996	1989.586697
7.563555	1990.491690
7.569115	1991.386413
7.574674	1992.271023
7.580233	1993.145675
7.585793	1994.010525
7.591352	1994.865724
7.596911	1995.711425
7.602471	1996.547777
7.608062	1997.374928
7.613621	1998.193021
7.619180	1999.002200
7.624740	1999.802602
7.630299	2000.594363
7.635858	2001.377613
7.641418	2002.152480
7.646977	2002.919086
7.652536	2003.677551
7.658096	2004.427989
7.663655	2005.170508
7.669214	2005.905214
7.674773	2006.632207
7.680333	2007.351581
7.685892	2008.063428
7.691483	2008.767834
7.697043	2009.464881
7.702602	2010.154645
7.708161	2010.837200
7.713720	2011.512616
7.719280	2012.180959
7.724839	2012.842291
7.730398	2013.496673
7.735958	2014.144160
7.741517	2014.784809
7.747076	2015.418672
7.752636	2016.045800
7.758195	2016.666244
7.763754	2017.280054
7.769313	2017.887278
7.774905	2018.487966
7.780464	2019.082168
7.786023	2019.669933
7.791583	2020.251313
7.797142	2020.826361
7.802701	2021.395130
7.808261	2021.957677
7.813820	2022.514060
7.819379	2023.064338
7.824938	2023.608574
7.830498	2024.146834
7.836057	2024.679184
7.841616	2025.205694
7.847176	2025.726436
7.852735	2026.241486
7.858326	2026.750920
7.863885	2027.254818
7.869445	2027.753259
7.875004	2028.246328
7.880563	2028.734108
7.886123	2029.216686
7.891682	2029.694146
7.897241	2030.166578
7.902801	2030.634067
7.908360	2031.096702
7.913919	2031.554569
7.919478	2032.007756
7.925038	2032.456346
7.930597	2032.900424
7.936156	2033.340072
7.941748	2033.775369
7.947307	2034.206394
7.952866	2034.633220
7.958425	2035.055920
7.963985	2035.474562
7.969544	2035.889212
7.975103	2036.299930
7.980663	2036.706774
7.986222	2037.109799
7.991781	2037.509055
7.997341	2037.904587
8.002900	2038.296438
8.008459	2038.684647
8.014018	2039.069248
8.019578	2039.450271
8.025169	2039.827746
8.030728	2040.201695
8.036288	2040.572141
8.041847	2040.939102
8.047406	2041.302593
8.052966	2041.662630
8.058525	2042.019224
8.064084	2042.372387
8.069643	2042.722127
8.075203	2043.068453
8.080762	2043.411375
8.086321	2043.750901
8.091881	2044.087039
8.097440	2044.419800
8.102999	2044.749194
8.108591	2045.075233
8.114150	2045.397932
8.119709	2045.717306
8.125268	2046.033372
8.130828	2046.346152
8.136387	2046.655668
8.141946	2046.961946
8.147506	2047.265014
8.153065	2047.564904
8.158624	2047.861651
8.164184	2048.155291
8.169743	2048.445864
8.175302	2048.733414
8.180861	2049.017986
8.186421	2049.299628
8.192012	2049.578390
8.197571	2049.854325
8.203131	2050.127486
8.208690	2050.397930
8.214249	2050.665712
8.219808	2050.930891
8.225368	2051.193524
8.230927	2051.453671
8.236486	2051.711388
8.242046	2051.966734
8.247605	2052.219766
8.253164	2052.470538
8.258724	2052.719105
8.264283	2052.965519
8.269842	2053.209829
8.275401	2053.452082
8.280993	2053.692324
8.286552	2053.930595
8.292111	2054.166934
8.297671	2054.401377
8.303230	2054.633954
8.308789	2054.864694
8.314348	2055.093621
8.319908	2055.320757
8.325467	2055.546119
8.331026	2055.769721
8.336586	2055.991573
8.342145	2056.211682
8.347704	2056.430054
8.353264	2056.646689
8.358823	2056.861587
8.364414	2057.074744
8.369973	2057.286155
8.375533	2057.495812
8.381092	2057.703708
8.386651	2057.909833
8.392211	2058.114177
8.397770	2058.316730
8.403329	2058.517480
8.408889	2058.716420
8.414448	2058.913539
8.420007	2059.108829
8.425566	2059.302284
8.431126	2059.493900
8.436685	2059.683674
8.442244	2059.871604
8.447836	2060.057694
8.453395	2060.241947
8.458954	2060.424372
8.464513	2060.604978
8.470073	2060.783779
8.475632	2060.960792
8.481191	2061.136036
8.486751	2061.309533
8.492310	2061.481309
8.497869	2061.651393
8.503429	2061.819814
8.508988	2061.986606
8.514547	2062.151806
8.520107	2062.315449
8.525666	2062.477577
8.531257	2062.638228
8.536816	2062.797445
8.542376	2062.955271
8.547935	2063.111747
8.553494	2063.266918
8.559054	2063.420825
8.564613	2063.573510
8.570172	2063.725015
8.575731	2063.875379
8.581291	2064.024639
8.586850	2064.172831
8.592409	2064.319989
8.597969	2064.466144
8.603528	2064.611323
8.609087	2064.755552
8.614679	2064.898853
8.620238	2065.041244
8.625797	2065.182740
8.631356	2065.323354
8.636916	2065.463092
8.642475	2065.601961
8.648034	2065.739960
8.653594	2065.877089
8.659153	2066.013341
8.664712	2066.148709
8.670272	2066.283180
8.675831	2066.416743
8.681390	2066.549380
8.686949	2066.681074
8.692509	2066.811804
8.698100	2066.941549
8.703659	2067.070288
8.709219	2067.197997
8.714778	2067.324653
8.720337	2067.450233
8.725896	2067.574714
8.731456	2067.698074
8.737015	2067.820291
8.742574	2067.941347
8.748134	2068.061224
8.753693	2068.179905
8.759252	2068.297377
8.764812	2068.413630
8.770371	2068.528656
8.775930	2068.642448
8.781521	2068.755004
8.787081	2068.866326
8.792640	2068.976418
8.798199	2069.085286
8.803759	2069.192941
8.809318	2069.299396
8.814877	2069.404669
8.820436	2069.508778
8.825996	2069.611745
8.831555	2069.713595
8.837114	2069.814355
8.842674	2069.914053
8.848233	2070.012721
8.853792	2070.110389
8.859352	2070.207091
8.864943	2070.302860
8.870502	2070.397731
8.876061	2070.491736
8.881621	2070.584910
8.887180	2070.677286
8.892739	2070.768894
8.898299	2070.859766
8.903858	2070.949930
8.909417	2071.039412
8.914977	2071.128236
8.920536	2071.216425
8.926095	2071.303997
8.931654	2071.390968
8.937214	2071.477350
8.942773	2071.563153
8.948364	2071.648383
8.953924	2071.733042
8.959483	2071.817130
8.965042	2071.900643
8.970602	2071.983573
8.976161	2072.065911
8.981720	2072.147641
8.987279	2072.228749
8.992839	2072.309215
8.998398	2072.389017
9.003957	2072.468133
9.009517	2072.546538
9.015076	2072.624204
9.020635	2072.701104
9.026195	2072.777209
9.031754	2072.852490
9.037345	2072.926920
9.042904	2073.000467
9.048464	2073.073106
9.054023	2073.144809
9.059582	2073.215549
9.065142	2073.285304
9.070701	2073.354051
9.076260	2073.421770
9.081819	2073.488444
9.087379	2073.554059
9.092938	2073.618602
9.098497	2073.682065
9.104057	2073.744443
9.109616	2073.805733
9.115207	2073.865935
9.120767	2073.925055
9.126326	2073.983099
9.131885	2074.040078
9.137444	2074.096005
9.143004	2074.150896
9.148563	2074.204770
9.154122	2074.257648
9.159682	2074.309554
9.165241	2074.360512
9.170800	2074.410550
9.176360	2074.459695
9.181919	2074.507977
9.187478	2074.555424
9.193037	2074.602066
9.198597	2074.647932
9.204188	2074.693052
9.209747	2074.737453
9.215307	2074.781161
9.220866	2074.824202
9.226425	2074.866600
9.231984	2074.908374
9.237544	2074.949543
9.243103	2074.990125
9.248662	2075.030130
9.254222	2075.069570
9.259781	2075.108452
9.265340	2075.146777
9.270900	2075.184548
9.276459	2075.221760
9.282018	2075.258407
9.287609	2075.294479
9.293169	2075.329963
9.298728	2075.364843
9.304287	2075.399100
9.309847	2075.432711
9.315406	2075.465655
9.320965	2075.497902
9.326524	2075.529427
9.332084	2075.560198
9.337643	2075.590186
9.343202	2075.619357
9.348762	2075.647680
9.354321	2075.675123
9.359880	2075.701652
9.365440	2075.727236
9.371031	2075.751844
9.376590	2075.775447
9.382149	2075.798015
9.387709	2075.819525
9.393268	2075.839950
9.398827	2075.859270
9.404387	2075.877466
9.409946	2075.894522
9.415505	2075.910424
9.421065	2075.925164
9.426624	2075.938734
9.432183	2075.951132
9.437742	2075.962357
9.443302	2075.972413
9.448861	2075.981306
9.454452	2075.989047
9.460012	2075.995649
9.465571	2076.001126
9.471130	2076.005497
9.476690	2076.008783
9.482249	2076.011007
9.487808	2076.012193
9.493367	2076.012367
9.498927	2076.011556
9.504486	2076.009790
9.510045	2076.007095
9.515605	2076.003502
9.521164	2075.999038
9.526723	2075.993732
9.532283	2075.987610
9.537874	2075.980699
9.543433	2075.973023
9.548992	2075.964604
9.554552	2075.955462
9.560111	2075.945616
9.565670	2075.935080
9.571230	2075.923868
9.576789	2075.911990
9.582348	2075.899451
9.587907	2075.886256
9.593467	2075.872404
9.599026	2075.857895
9.604585	2075.842721
9.610145	2075.826875
9.615704	2075.810344
9.621295	2075.793116
9.626855	2075.775173
9.632414	2075.756496
9.637973	2075.737065
9.643532	2075.716857
9.649092	2075.695848
9.654651	2075.674014
9.660210	2075.651328
9.665770	2075.627765
9.671329	2075.603297
9.676888	2075.577901
9.682448	2075.551550
9.688007	2075.524220
9.693566	2075.495890
9.699125	2075.466539
9.704717	2075.436147
9.710276	2075.404699
9.715835	2075.372181
9.721395	2075.338582
9.726954	2075.303896
9.732513	2075.268117
9.738072	2075.231245
9.743632	2075.193283
9.749191	2075.154237
9.754750	2075.114118
9.760310	2075.072938
9.765869	2075.030716
9.771428	2074.987471
9.776988	2074.943228
9.782547	2074.898015
9.788138	2074.851861
9.793697	2074.804800
9.799257	2074.756866
9.804816	2074.708098
9.810375	2074.658535
9.815935	2074.608218
9.821494	2074.557189
9.827053	2074.505492
9.832612	2074.453169
9.838172	2074.400265
9.843731	2074.346821
9.849290	2074.292882
9.854850	2074.238488
9.860409	2074.183680
9.865968	2074.128495
9.871560	2074.072971
9.877119	2074.017140
9.882678	2073.961036
9.888237	2073.904686
9.893797	2073.848117
9.899356	2073.791351
9.904915	2073.734407
9.910475	2073.677302
9.916034	2073.620048
9.921593	2073.562656
9.927153	2073.505131
9.932712	2073.447476
9.938271	2073.389691
9.943830	2073.331773
9.949390	2073.273717
9.954981	2073.215514
9.960540	2073.157153
9.966100	2073.098623
9.971659	2073.039907
9.977218	2072.980992
9.982777	2072.921859
9.988337	2072.862492
9.993896	2072.802872
9.999455	2072.742981
10.005015	2072.682802
10.010574	2072.622318
10.016133	2072.561511
10.021693	2072.500369
10.027252	2072.438876
10.032811	2072.377022
10.038371	2072.314797
10.043962	2072.252194
10.049521	2072.189209
10.055080	2072.125839
10.060640	2072.062085
10.066199	2071.997951
10.071758	2071.933443
10.077318	2071.868570
10.082877	2071.803345
10.088436	2071.737782
10.093995	2071.671899
10.099555	2071.605717
10.105114	2071.539256
10.110673	2071.472543
10.116233	2071.405603
10.121792	2071.338464
10.127383	2071.271155
10.132943	2071.203707
10.138502	2071.136151
10.144061	2071.068518
10.149620	2071.000839
10.155180	2070.933145
10.160739	2070.865466
10.166298	2070.797831
10.171858	2070.730268
10.177417	2070.662803
10.182976	2070.595459
10.188536	2070.528258
10.194095	2070.461218
10.199654	2070.394356
10.205213	2070.327684
10.210805	2070.261212
10.216364	2070.194947
10.221923	2070.128890
10.227483	2070.063042
10.233042	2069.997398
10.238601	2069.931950
10.244160	2069.866686
10.249720	2069.801592
10.255279	2069.736650
10.260838	2069.671837
10.266398	2069.607130
10.271957	2069.542502
10.277516	2069.477923
10.283076	2069.413362
10.288635	2069.348785
10.294226	2069.284157
10.299785	2069.219442
10.305345	2069.154603
10.310904	2069.089602
10.316463	2069.024402
10.322023	2068.958965
10.327582	2068.893255
10.333141	2068.827235
10.338701	2068.760871
10.344260	2068.694130
10.349819	2068.626981
10.355378	2068.559395
10.360938	2068.491346
10.366497	2068.422809
10.372056	2068.353764
10.377648	2068.284193
10.383207	2068.214080
10.388766	2068.143413
10.394325	2068.072184
10.399885	2068.000387
10.405444	2067.928019
10.411003	2067.855081
10.416563	2067.781575
10.422122	2067.707508
10.427681	2067.632887
10.433241	2067.557724
10.438800	2067.482031
10.444359	2067.405822
10.449918	2067.329113
10.455478	2067.251920
10.461069	2067.174263
10.466628	2067.096157
10.472188	2067.017621
10.477747	2066.938673
10.483306	2066.859330
10.488866	2066.779607
10.494425	2066.699520
10.499984	2066.619081
10.505543	2066.538300
10.511103	2066.457187
10.516662	2066.375748
10.522221	2066.293985
10.527781	2066.211899
10.533340	2066.129487
10.538899	2066.046743
10.544490	2065.963658
10.550050	2065.880219
10.555609	2065.796409
10.561168	2065.712208
10.566728	2065.627594
10.572287	2065.542540
10.577846	2065.457017
10.583406	2065.370993
10.588965	2065.284432
10.594524	2065.197298
10.600083	2065.109549
10.605643	2065.021146
10.611202	2064.932044
10.616761	2064.842199
10.622321	2064.751565
10.627912	2064.660097
10.633471	2064.567747
10.639031	2064.474471
10.644590	2064.380222
10.650149	2064.284955
10.655708	2064.188627
10.661268	2064.091195
10.666827	2063.992618
10.672386	2063.892859
10.677946	2063.791880
10.683505	2063.689649
10.689064	2063.586134
10.694624	2063.481307
10.700183	2063.375143
10.705742	2063.267618
10.711333	2063.158716
10.716893	2063.048418
10.722452	2062.936712
10.728011	2062.823588
10.733571	2062.709038
10.739130	2062.593059
10.744689	2062.475646
10.750248	2062.356801
10.755808	2062.236526
10.761367	2062.114824
10.766926	2061.991700
10.772486	2061.867161
10.778045	2061.741214
10.783604	2061.613866
10.789164	2061.485124
10.794755	2061.354996
10.800314	2061.223488
10.805873	2061.090605
10.811433	2060.956353
10.816992	2060.820732
10.822551	2060.683743
10.828111	2060.545384
10.833670	2060.405651
10.839229	2060.264535
10.844788	2060.122026
10.850348	2059.978111
10.855907	2059.832771
10.861466	2059.685986
10.867026	2059.537732
10.872585	2059.387980
10.878144	2059.236698
10.883736	2059.083852
10.889295	2058.929402
10.894854	2058.773306
10.900413	2058.615518
10.905973	2058.455991
10.911532	2058.294672
10.917091	2058.131508
10.922651	2057.966443
10.928210	2057.799418
10.933769	2057.630373
10.939329	2057.459248
10.944888	2057.285979
10.950447	2057.110504
10.956006	2056.932760
10.961566	2056.752684
10.967157	2056.570213
10.972716	2056.385285
10.978276	2056.197838
10.983835	2056.007815
10.989394	2055.815156
10.994953	2055.619805
11.000513	2055.421710
11.006072	2055.220818
11.011631	2055.017081
11.017191	2054.810452
11.022750	2054.600889
11.028309	2054.388349
11.033869	2054.172795
11.039428	2053.954193
11.044987	2053.732510
11.050578	2053.507716
11.056138	2053.279784
11.061697	2053.048690
11.067256	2052.814410
11.072816	2052.576924
11.078375	2052.336213
11.083934	2052.092259
11.089494	2051.845046
11.095053	2051.594557
11.100612	2051.340777
11.106171	2051.083690
11.111731	2050.823281
11.117290	2050.559534
11.122849	2050.292431
11.128409	2050.021952
11.134000	2049.748078
11.139559	2049.470787
11.145118	2049.190053
11.150678	2048.905849
11.156237	2048.618146
11.161796	2048.326910
11.167356	2048.032104
11.172915	2047.733690
11.178474	2047.431624
11.184034	2047.125860
11.189593	2046.816347
11.195152	2046.503032
11.200712	2046.185858
11.206271	2045.864765
11.211830	2045.539687
11.217421	2045.210560
11.222981	2044.877313
11.228540	2044.539873
11.234099	2044.198165
11.239659	2043.852114
11.245218	2043.501639
11.250777	2043.146662
11.256336	2042.787101
11.261896	2042.422874
11.267455	2042.053899
11.273014	2041.680094
11.278574	2041.301378
11.284133	2040.917670
11.289692	2040.528892
11.295252	2040.134965
11.300843	2039.735814
11.306402	2039.331366
11.311961	2038.921551
11.317521	2038.506301
11.323080	2038.085552
11.328639	2037.659244
11.334199	2037.227320
11.339758	2036.789726
11.345317	2036.346415
11.350877	2035.897342
11.356436	2035.442466
11.361995	2034.981750
11.367554	2034.515163
11.373114	2034.042678
11.378673	2033.564269
11.384264	2033.079918
11.389824	2032.589608
11.395383	2032.093328
11.400942	2031.591067
11.406501	2031.082822
11.412061	2030.568589
11.417620	2030.048367
11.423179	2029.522161
11.428739	2028.989975
11.434298	2028.451814
11.439857	2027.907689
11.445417	2027.357608
11.450976	2026.801582
11.456535	2026.239624
11.462094	2025.671744
11.467686	2025.097958
11.473245	2024.518276
11.478804	2023.932713
11.484364	2023.341281
11.489923	2022.743995
11.495482	2022.140865
11.501041	2021.531906
11.506601	2020.917130
11.512160	2020.296548
11.517719	2019.670173
11.523279	2019.038017
11.528838	2018.400093
11.534397	2017.756414
11.539957	2017.106993
11.545516	2016.451844
11.551107	2015.790983
11.556666	2015.124427
11.562226	2014.452195
11.567785	2013.774307
11.573344	2013.090788
11.578904	2012.401663
11.584463	2011.706961
11.590022	2011.006717
11.595582	2010.300966
11.601141	2009.589751
11.606700	2008.873118
11.612259	2008.151117
11.617819	2007.423805
11.623378	2006.691243
11.628937	2005.953501
11.634529	2005.210652
11.640088	2004.462776
11.645647	2003.709959
11.651207	2002.952296
11.656766	2002.189885
11.662325	2001.422833
11.667884	2000.651254
11.673444	1999.875266
11.679003	1999.094995
11.684562	1998.310575
11.690122	1997.522142
11.695681	1996.729841
11.701240	1995.933821
11.706799	1995.134237
11.712359	1994.331249
11.717918	1993.525020
11.723509	1992.715718
11.729069	1991.903514
11.734628	1991.088584
11.740187	1990.271103
11.745747	1989.451252
11.751306	1988.629211
11.756865	1987.805162
11.762424	1986.979287
11.767984	1986.151770
11.773543	1985.322791
11.779102	1984.492533
11.784662	1983.661176
11.790221	1982.828897
11.795780	1981.995874
11.801340	1981.162280
11.806931	1980.328286
11.812490	1979.494060
11.818049	1978.659768
11.823602	1977.825570
11.829162	1976.991624
11.834724	1976.158085
11.840287	1975.325102
11.845846	1974.492822
11.851408	1973.661387
11.856971	1972.830937
11.862530	1972.001606
11.868093	1971.173526
11.873655	1970.346827
11.879214	1969.521632
11.884777	1968.698065
11.890339	1967.876245
11.895899	1967.056289
11.901461	1966.238314
11.907024	1965.422433
11.912583	1964.608757
11.918146	1963.797399
11.923705	1962.988467
11.929267	1962.182072
11.934830	1961.378323
11.940392	1960.577329
11.945952	1959.779199
11.951514	1958.984043
11.957073	1958.191972
11.962636	1957.403097
11.968198	1956.617529
11.973758	1955.835382
11.979320	1955.056770
11.984883	1954.281806
11.990442	1953.510607
11.996005	1952.743289
12.001567	1951.979970
12.007126	1951.220766
12.012689	1950.465795
12.018251	1949.715175
12.023811	1948.969024
12.029373	1948.227458
12.034936	1947.490594
12.040495	1946.758545
12.046057	1946.031425
12.051620	1945.309343
12.057179	1944.592408
12.062742	1943.880725
12.068304	1943.174395
12.073863	1942.473516
12.079426	1941.778180
12.084988	1941.088476
12.090548	1940.404487
12.096110	1939.726290
12.101673	1939.053957
12.107232	1938.387554
12.112795	1937.727140
12.118357	1937.072766
12.123916	1936.424477
12.129479	1935.782312
12.135041	1935.146302
12.140601	1934.516470
12.146163	1933.892832
12.151726	1933.275397
12.157285	1932.664167
12.162847	1932.059137
12.168410	1931.460295
12.173969	1930.867622
12.179532	1930.281093
12.185094	1929.700679
12.190653	1929.126341
12.196216	1928.558039
12.201778	1927.995726
12.207338	1927.439352
12.212900	1926.888862
12.218463	1926.344200
12.224022	1925.805304
12.229585	1925.272111
12.235147	1924.744559
12.240706	1924.222581
12.246269	1923.706112
12.251831	1923.195085
12.257391	1922.689435
12.262953	1922.189096
12.268516	1921.694005
12.274075	1921.204100
12.279637	1920.719321
12.285200	1920.239610
12.290759	1919.764912
12.296322	1919.295175
12.301881	1918.830348
12.307444	1918.370387
12.313006	1917.915248
12.318569	1917.464891
12.324128	1917.019280
12.329690	1916.578381
12.335253	1916.142165
12.340812	1915.710603
12.346375	1915.283670
12.351934	1914.861345
12.357496	1914.443607
12.363059	1914.030437
12.368621	1913.621819
12.374181	1913.217736
12.379743	1912.818174
12.385302	1912.423117
12.390865	1912.032550
12.396427	1911.646458
12.401987	1911.264825
12.407549	1910.887633
12.413112	1910.514862
12.418671	1910.146491
12.424234	1909.782497
12.429796	1909.422852
12.435355	1909.067527
12.440918	1908.716490
12.446480	1908.369704
12.452040	1908.027129
12.457602	1907.688721
12.463165	1907.354435
12.468724	1907.024217
12.474286	1906.698013
12.479849	1906.375765
12.485408	1906.057409
12.490971	1905.742880
12.496533	1905.432108
12.502093	1905.125022
12.507655	1904.821546
12.513217	1904.521603
12.518777	1904.225112
12.524339	1903.931994
12.529902	1903.642165
12.535461	1903.355542
12.541024	1903.072041
12.546586	1902.791579
12.552145	1902.514071
12.557708	1902.239436
12.563270	1901.967592
12.568830	1901.698461
12.574392	1901.431965
12.579955	1901.168031
12.585514	1900.906585
12.591076	1900.647562
12.596639	1900.390895
12.602198	1900.136525
12.607761	1899.884395
12.613323	1899.634454
12.618883	1899.386653
12.624445	1899.140949
12.630008	1898.897305
12.635567	1898.655684
12.641129	1898.416059
12.646692	1898.178404
12.652251	1897.942698
12.657814	1897.708924
12.663376	1897.477069
12.668935	1897.247122
12.674498	1897.019078
12.680060	1896.792933
12.685620	1896.568684
12.691182	1896.346334
12.696745	1896.125883
12.702304	1895.907336
12.707866	1895.690696
12.713429	1895.475968
12.718988	1895.263156
12.724551	1895.052263
12.730113	1894.843291
12.735673	1894.636242
12.741235	1894.431114
12.746798	1894.227904
12.752357	1894.026607
12.757919	1893.827213
12.763482	1893.629712
12.769041	1893.434087
12.774604	1893.240320
12.780163	1893.048389
12.785725	1892.858267
12.791288	1892.669926
12.796847	1892.483331
12.802410	1892.298446
12.807972	1892.115230
12.813532	1891.933639
12.819094	1891.753625
12.824657	1891.575139
12.830216	1891.398129
12.835778	1891.222538
12.841341	1891.048311
12.846900	1890.875388
12.852463	1890.703711
12.858025	1890.533218
12.863584	1890.363850
12.869147	1890.195545
12.874709	1890.028244
12.880269	1889.861888
12.885831	1889.696420
12.891394	1889.531783
12.896953	1889.367925
12.902515	1889.204796
12.908078	1889.042347
12.913637	1888.880534
12.919200	1888.719316
12.924762	1888.558657
12.930322	1888.398524
12.935884	1888.238887
12.941447	1888.079723
12.947006	1887.921011
12.952568	1887.762736
12.958131	1887.604886
12.963690	1887.447453
12.969253	1887.290435
12.974815	1887.133831
12.980374	1886.977647
12.985937	1886.821889
12.991499	1886.666569
12.997059	1886.511699
13.002621	1886.357297
13.008184	1886.203378
13.013743	1886.049963
13.019306	1885.897072
13.024868	1885.744726
13.030427	1885.592946
13.035990	1885.441754
13.041552	1885.291169
13.047112	1885.141211
13.052674	1884.991898
13.058237	1884.843245
13.063796	1884.695266
13.069358	1884.547972
13.074921	1884.401370
13.080480	1884.255466
13.086043	1884.110261
13.091605	1883.965751
13.097164	1883.821932
13.102727	1883.678793
13.108289	1883.536321
13.113849	1883.394496
13.119411	1883.253298
13.124974	1883.112701
13.130533	1882.972676
13.136096	1882.833190
13.141658	1882.694208
13.147217	1882.555690
13.152780	1882.417597
13.158342	1882.279884
13.163902	1882.142506
13.169464	1882.005417
13.175027	1881.868568
13.180586	1881.731911
13.186148	1881.595397
13.191711	1881.458978
13.197270	1881.322606
13.202833	1881.186236
13.208395	1881.049821
13.213954	1880.913320
13.219517	1880.776691
13.225076	1880.639898
13.230639	1880.502906
13.236201	1880.365682
13.241761	1880.228201
13.247323	1880.090439
13.252886	1879.952375
13.258445	1879.813996
13.264007	1879.675288
13.269570	1879.536247
13.275129	1879.396870
13.280692	1879.257159
13.286254	1879.117119
13.291813	1878.976761
13.297376	1878.836098
13.302938	1878.695149
13.308498	1878.553933
13.314060	1878.412474
13.319623	1878.270799
13.325182	1878.128936
13.330745	1877.986915
13.336307	1877.844768
13.341866	1877.702528
13.347429	1877.560227
13.352991	1877.417900
13.358551	1877.275579
13.364113	1877.133297
13.369676	1876.991084
13.375235	1876.848971
13.380797	1876.706985
13.386360	1876.565151
13.391919	1876.423492
13.397482	1876.282028
13.403044	1876.140776
13.408603	1875.999749
13.414166	1875.858958
13.419728	1875.718409
13.425288	1875.578104
13.430850	1875.438043
13.436413	1875.298223
13.441972	1875.158634
13.447535	1875.019265
13.453097	1874.880104
13.458656	1874.741131
13.464219	1874.602328
13.469781	1874.463672
13.475341	1874.325139
13.480903	1874.186703
13.486466	1874.048337
13.492025	1873.910012
13.497587	1873.771701
13.503150	1873.633375
13.508709	1873.495007
13.514272	1873.356570
13.519834	1873.218037
13.525393	1873.079387
13.530956	1872.940598
13.536518	1872.801650
13.542078	1872.662530
13.547640	1872.523226
13.553203	1872.383728
13.558762	1872.244033
13.564325	1872.104142
13.569887	1871.964058
13.575446	1871.823792
13.581009	1871.683358
13.586571	1871.542774
13.592131	1871.402065
13.597693	1871.261258
13.603256	1871.120387
13.608815	1870.979490
13.614377	1870.838609
13.619940	1870.697791
13.625499	1870.557084
13.631062	1870.416543
13.636624	1870.276225
13.642184	1870.136189
13.647746	1869.996497
13.653309	1869.857214
13.658868	1869.718404
13.664430	1869.580135
13.669990	1869.442473
13.675552	1869.305486
13.681115	1869.169241
13.686674	1869.033805
13.692236	1868.899243
13.697799	1868.765618
13.703358	1868.632993
13.708921	1868.501426
13.714483	1868.370974
13.720042	1868.241691
13.725605	1868.113629
13.731167	1867.986833
13.736727	1867.861349
13.742289	1867.737216
13.747852	1867.614470
13.753411	1867.493145
13.758974	1867.373269
13.764536	1867.254868
13.770095	1867.137963
13.775658	1867.022575
13.781220	1866.908718
13.786780	1866.796404
13.792342	1866.685645
13.797905	1866.576449
13.803464	1866.468822
13.809026	1866.362768
13.814589	1866.258291
13.820148	1866.155395
13.825711	1866.054082
13.831273	1865.954356
13.836833	1865.856220
13.842395	1865.759680
13.847958	1865.664740
13.853517	1865.571411
13.859079	1865.479701
13.864642	1865.389624
13.870201	1865.301196
13.875764	1865.214435
13.881326	1865.129366
13.886885	1865.046012
13.892448	1864.964405
13.898010	1864.884579
13.903570	1864.806570
13.909132	1864.730422
13.914695	1864.656179
13.920254	1864.583892
13.925816	1864.513614
13.931379	1864.445403
13.936938	1864.379318
13.942501	1864.315423
13.948063	1864.253786
13.953623	1864.194475
13.959185	1864.137562
13.964748	1864.083119
13.970307	1864.031222
13.975869	1863.981945
13.981432	1863.935365
13.986991	1863.891558
13.992554	1863.850600
13.998116	1863.812565
14.003675	1863.777528
14.009238	1863.745560
14.014800	1863.716731
14.020360	1863.691110
14.025922	1863.668760
14.031485	1863.649743
14.037044	1863.634118
14.042606	1863.621939
14.048169	1863.613256
14.053728	1863.608116
14.059291	1863.606561
14.064853	1863.608629
14.070413	1863.614354
14.075975	1863.623765
14.081534	1863.636887
14.087097	1863.653741
14.092659	1863.674344
14.098219	1863.698709
14.103781	1863.726846
14.109344	1863.758761
14.114903	1863.794456
14.120465	1863.833933
14.126028	1863.877189
14.131587	1863.924220
14.137150	1863.975021
14.142712	1864.029584
14.148272	1864.087903
14.153834	1864.149968
14.159397	1864.215770
14.164956	1864.285303
14.170518	1864.358557
14.176081	1864.435527
14.181640	1864.516207
14.187203	1864.600591
14.192765	1864.688679
14.198324	1864.780468
14.203887	1864.875961
14.209449	1864.975160
14.215009	1865.078070
14.220571	1865.184699
14.226134	1865.295057
14.231693	1865.409153
14.237255	1865.527002
14.242818	1865.648617
14.248377	1865.774013
14.253940	1865.903208
14.259502	1866.036216
14.265062	1866.173056
14.270624	1866.313743
14.276187	1866.458293
14.281746	1866.606718
14.287308	1866.759032
14.292871	1866.915242
14.298430	1867.075354
14.303993	1867.239370
14.309555	1867.407286
14.315114	1867.579095
14.320677	1867.754781
14.326239	1867.934325
14.331799	1868.117698
14.337361	1868.304863
14.342924	1868.495777
14.348483	1868.690385
14.354046	1868.888625
14.359608	1869.090423
14.365167	1869.295694
14.370730	1869.504344
14.376292	1869.716265
14.381852	1869.931339
14.387414	1870.149434
14.392977	1870.370406
14.398536	1870.594099
14.404098	1870.820342
14.409661	1871.048954
14.415220	1871.279737
14.420783	1871.512481
14.426345	1871.746963
14.431904	1871.982946
14.437467	1872.220178
14.443029	1872.458396
14.448589	1872.697321
14.454151	1872.936663
14.459714	1873.176116
14.465273	1873.415362
14.470836	1873.654070
14.476398	1873.891896
14.481957	1874.128482
14.487520	1874.363457
14.493082	1874.596438
14.498642	1874.827029
14.504204	1875.054820
14.509767	1875.279390
14.515326	1875.500303
14.520888	1875.717112
14.526448	1875.929356
14.532010	1876.136561
14.537573	1876.338241
14.543132	1876.533895
14.548694	1876.723009
14.554257	1876.905056
14.559816	1877.079496
14.565379	1877.245772
14.570941	1877.403314
14.576501	1877.551539
14.582063	1877.689847
14.587626	1877.817623
14.593185	1877.934238
14.598747	1878.039046
14.604310	1878.131387
14.609869	1878.210582
14.615432	1878.275938
14.620994	1878.326745
14.626553	1878.362278
14.632116	1878.381793
14.637678	1878.384533
14.643238	1878.369722
14.648800	1878.336570
14.654363	1878.284270
14.659922	1878.212003
14.665485	1878.118932
14.671047	1878.004208
14.676606	1877.866969
14.682169	1877.706339
14.687731	1877.521435
14.693291	1877.311359
14.698853	1877.075209
14.704415	1876.812073
14.709976	1876.521035
14.715537	1876.201175
14.721099	1875.851571
14.726660	1875.471302
14.732222	1875.059448
14.737783	1874.615094
14.743344	1874.137336
14.748906	1873.625274
14.754467	1873.078025
14.760029	1872.494721
14.765590	1871.874511
14.771151	1871.216566
14.776713	1870.520083
14.782275	1869.784287
14.787836	1869.008433
14.793397	1868.191812
14.798959	1867.333752
14.804520	1866.433626
14.810082	1865.490850
14.815643	1864.504889
14.821204	1863.475262
14.826766	1862.401543
14.832327	1861.283366
14.837889	1860.120428
14.843450	1858.912494
14.849011	1857.659399
14.854573	1856.361050
14.860134	1855.017432
14.865696	1853.628610
14.871257	1852.194730
14.876818	1850.716027
14.882380	1849.192821
14.887941	1847.625525
14.893503	1846.014646
14.899064	1844.360785
14.904625	1842.664642
14.910187	1840.927016
14.915749	1839.148807
14.921310	1837.331017
14.926871	1835.474753
14.932433	1833.581226
14.937994	1831.651752
14.943556	1829.687753
14.949117	1827.690755
14.954678	1825.662393
14.960240	1823.604404
14.965801	1821.518632
14.971363	1819.407024
14.976924	1817.271628
14.982485	1815.114595
14.988047	1812.938174
14.993608	1810.744711
14.999170	1808.536649
15.004731	1806.316521
15.010292	1804.086950
15.015854	1801.850645
15.021415	1799.610399
15.026977	1797.369083
15.032538	1795.129646
15.038100	1792.895104
15.043661	1790.668544
15.049223	1788.453114
15.054784	1786.252018
15.060345	1784.068516
15.065907	1781.905911
15.071468	1779.767553
15.077030	1777.656825
15.082591	1775.577142
15.088152	1773.531944
15.093714	1771.524691
15.099275	1769.558853
15.104837	1767.637909
15.110398	1765.765339
15.115959	1763.944616
15.121521	1762.179200
15.127082	1760.472532
15.132644	1758.828030
15.138205	1757.249077
15.143766	1755.739018
15.149328	1754.301155
15.154889	1752.938736
15.160451	1751.654952
15.166012	1750.452928
15.171573	1749.335721
15.177135	1748.306308
15.182697	1747.367584
15.188258	1746.522354
15.193819	1745.773328
15.199381	1745.123115
15.204942	1744.574216
15.210504	1744.129022
15.216065	1743.789804
15.221626	1743.558714
15.227188	1743.437772
15.232749	1743.428871
15.238311	1743.533765
15.243872	1743.754068
15.249433	1744.091250
15.254995	1744.546633
15.260556	1745.121389
15.266118	1745.816536
15.271679	1746.632934
15.277240	1747.571287
15.282802	1748.632136
15.288363	1749.815860
15.293925	1751.122675
15.299486	1752.552633
15.305047	1754.105619
15.310609	1755.781354
15.316170	1757.579395
15.321732	1759.499133
15.327293	1761.539795
15.332855	1763.700446
15.338415	1765.979993
15.343978	1768.377181
15.349540	1770.890601
15.355100	1773.518688
15.360662	1776.259731
15.366225	1779.111869
15.371784	1782.073100
15.377346	1785.141280
15.382906	1788.314136
15.388468	1791.589260
15.394031	1794.964124
15.399590	1798.436077
15.405153	1802.002359
15.410715	1805.660099
15.416274	1809.406324
15.421837	1813.237968
15.427399	1817.151874
15.432959	1821.144804
15.438521	1825.213445
15.444084	1829.354412
15.449643	1833.564261
15.455205	1837.839492
15.460768	1842.176558
15.466327	1846.571870
15.471890	1851.021805
15.477452	1855.522715
15.483012	1860.070929
15.488574	1864.662767
15.494137	1869.294538
15.499696	1873.962556
15.505258	1878.663139
15.510821	1883.392618
15.516380	1888.147345
15.521943	1892.923697
15.527505	1897.718081
15.533064	1902.526942
15.538627	1907.346765
15.544189	1912.174084
15.549749	1917.005483
15.555311	1921.837604
15.560874	1926.667147
15.566433	1931.490878
15.571995	1936.305631
15.577558	1941.108311
15.583117	1945.895897
15.588680	1950.665447
15.594242	1955.414095
15.599802	1960.139061
15.605364	1964.837645
15.610927	1969.507236
15.616486	1974.145307
15.622048	1978.749420
15.627611	1983.317225
15.633170	1987.846461
15.638733	1992.334958
15.644295	1996.780635
15.649854	2001.181498
15.655417	2005.535645
15.660979	2009.841262
15.666539	2014.096622
15.672101	2018.300085
15.677664	2022.450097
15.683223	2026.545189
15.688786	2030.583973
15.694348	2034.565145
15.699907	2038.487481
15.705470	2042.349832
15.711032	2046.151130
15.716592	2049.890377
15.722154	2053.566651
15.727717	2057.179097
15.733276	2060.726930
15.738838	2064.209431
15.744401	2067.625944
15.749960	2070.975874
15.755523	2074.258688
15.761085	2077.473905
15.766644	2080.621103
15.772207	2083.699910
15.777769	2086.710004
15.783329	2089.651111
15.788891	2092.523002
15.794454	2095.325492
15.800013	2098.058436
15.805576	2100.721728
15.811135	2103.315298
15.816697	2105.839111
15.822260	2108.293163
15.827819	2110.677482
15.833382	2112.992124
15.838944	2115.237170
15.844503	2117.412726
15.850066	2119.518920
15.855628	2121.555902
15.861188	2123.523841
15.866750	2125.422921
15.872313	2127.253344
15.877872	2129.015325
15.883434	2130.709091
15.888997	2132.334881
15.894556	2133.892944
15.900119	2135.383534
15.905681	2136.806917
15.911241	2138.163360
15.916803	2139.453136
15.922366	2140.676522
15.927925	2141.833796
15.933487	2142.925237
15.939050	2143.951124
15.944609	2144.911735
15.950172	2145.807346
15.955734	2146.638231
15.961293	2147.404658
15.966856	2148.106891
15.972418	2148.745191
15.977978	2149.319809
15.983540	2149.830993
15.989103	2150.278979
15.994662	2150.663999
16.000225	2150.986274
16.005787	2151.246016
16.011346	2151.443427
16.016909	2151.578697
16.022471	2151.652009
16.028031	2151.663530
16.033593	2151.613417
16.039156	2151.501817
16.044715	2151.328859
16.050277	2151.094664
16.055840	2150.799336
16.061399	2150.442967
16.066962	2150.025635
16.072524	2149.547403
16.078083	2149.008318
16.083646	2148.408414
16.089208	2147.747710
16.094768	2147.026207
16.100330	2146.243893
16.105893	2145.400739
16.111452	2144.496699
16.117015	2143.531713
16.122577	2142.505703
16.128136	2141.418574
16.133699	2140.270215
16.139261	2139.060499
16.144821	2137.789281
16.150383	2136.456398
16.155946	2135.061672
16.161505	2133.604907
16.167067	2132.085888
16.172630	2130.504384
16.178189	2128.860148
16.183752	2127.152912
16.189314	2125.382393
16.194874	2123.548289
16.200436	2121.650282
16.205998	2119.688035
16.211558	2117.661194
16.217120	2115.569387
16.222683	2113.412224
16.228242	2111.189298
16.233805	2108.900185
16.239367	2106.544442
16.244926	2104.121611
16.250489	2101.631214
16.256048	2099.072757
16.261611	2096.445730
16.267173	2093.749603
16.272732	2090.983832
16.278295	2088.147855
16.283857	2085.241094
16.289417	2082.262953
16.294979	2079.212823
16.300542	2076.090076
16.306101	2072.894069
16.311664	2069.624146
16.317226	2066.279632
16.322785	2062.859840
16.328348	2059.364067
16.333910	2055.791597
16.339470	2052.141699
16.345032	2048.413630
16.350595	2044.606633
16.356154	2040.719938
16.361716	2036.752766
16.367279	2032.704324
16.372838	2028.573807
16.378401	2024.360404
16.383963	2020.063291
16.389522	2015.681635
16.395085	2011.214597
16.400647	2006.661329
16.406207	2002.020978
16.411769	1997.292682
16.417332	1992.475577
16.422891	1987.568794
16.428454	1982.571462
16.434016	1977.482707
16.439575	1972.301654
16.445138	1967.027429
16.450700	1961.659159
16.456260	1956.195975
16.461822	1950.637010
16.467385	1944.981404
16.472944	1939.228303
16.478506	1933.376863
16.484069	1927.426247
16.489628	1921.375631
16.495191	1915.224206
16.500753	1908.971174
16.506313	1902.615757
16.511875	1896.157193
16.517438	1889.594742
16.522997	1882.927687
16.528559	1876.155332
16.534122	1869.277011
16.539681	1862.292085
16.545244	1855.199946
16.550806	1848.000018
16.556365	1840.691763
16.561928	1833.274677
16.567490	1825.748300
16.573050	1818.112210
16.578612	1810.366034
16.584175	1802.509445
16.589734	1794.542165
16.595296	1786.463968
16.600859	1778.274686
16.606418	1769.974206
16.611981	1761.562476
16.617543	1753.039507
16.623103	1744.405375
16.628665	1735.660225
16.634228	1726.804270
16.639787	1717.837800
16.645349	1708.761175
16.650912	1699.574838
16.656471	1690.279309
16.662034	1680.875192
16.667596	1671.363174
16.673155	1661.744031
16.678718	1652.018625
16.684277	1642.187911
16.689840	1632.252935
16.695402	1622.214837
16.700962	1612.074853
16.706524	1601.834315
16.712087	1591.494653
16.717646	1581.057397
16.723208	1570.524174
16.728771	1559.896713
16.734330	1549.176843
16.739893	1538.366493
16.745455	1527.467694
16.751014	1516.482576
16.756577	1505.413367
16.762139	1494.262396
16.767699	1483.032088
16.773261	1471.724966
16.778824	1460.343645
16.784383	1448.890835
16.789945	1437.369334
16.795508	1425.782031
16.801067	1414.131897
16.806630	1402.421988
16.812192	1390.655437
16.817752	1378.835455
16.823314	1366.965323
16.828877	1355.048391
16.834436	1343.088072
16.839998	1331.087839
16.845561	1319.051218
16.851120	1306.981788
16.856683	1294.883171
16.862245	1282.759029
16.867804	1270.613057
16.873367	1258.448983
16.878929	1246.270556
16.884489	1234.081541
16.890051	1221.885721
16.895614	1209.686879
16.901173	1197.488805
16.906735	1185.295279
16.912298	1173.110074
16.917857	1160.936944
16.923420	1148.779624
16.928982	1136.641819
16.934542	1124.527201
16.940104	1112.439406
16.945667	1100.382024
16.951226	1088.358597
16.956788	1076.372615
16.962351	1064.427507
16.967910	1052.526642
16.973473	1040.673320
16.979035	1028.870770
16.984594	1017.122147
16.990157	1005.430527
16.995719	993.798903
17.001279	982.230184
17.006841	970.727191
17.012404	959.292653
17.017963	947.929208
17.023526	936.639397
17.029088	925.425666
17.034647	914.290363
17.040210	903.235734
17.045772	892.263928
17.051332	881.376989
17.056894	870.576862
17.062457	859.865389
17.068016	849.244310
17.073578	838.715264
17.079141	828.279787
17.084700	817.939315
17.090263	807.695185
17.095825	797.548634
17.101384	787.500802
17.106947	777.552731
17.112509	767.705370
17.118069	757.959574
17.123631	748.316107
17.129191	738.775643
17.134753	729.338770
17.140316	720.005988
17.145875	710.777715
17.151437	701.654290
17.157000	692.635970
17.162559	683.722939
17.168122	674.915305
17.173684	666.213106
17.179243	657.616311
17.184806	649.124824
17.190368	640.738482
17.195928	632.457065
17.201490	624.280292
17.207053	616.207826
17.212612	608.239278
17.218174	600.374207
17.223737	592.612124
17.229296	584.952493
17.234859	577.394735
17.240421	569.938230
17.245981	562.582319
17.251543	555.326305
17.257106	548.169459
17.262665	541.111017
17.268227	534.150188
17.273790	527.286149
17.279349	520.518054
17.284912	513.845031
17.290474	507.266187
17.296033	500.780609
17.301596	494.387363
17.307158	488.085499
17.312718	481.874054
17.318280	475.752047
17.323843	469.718488
17.329402	463.772375
17.334965	457.912697
17.340527	452.138435
17.346086	446.448561
17.351649	440.842045
17.357211	435.317850
17.362771	429.874937
17.368333	424.512263
17.373896	419.228786
17.379455	414.023462
17.385017	408.895249
17.390580	403.843105
17.396139	398.865990
17.401702	393.962868
17.407264	389.132707
17.412823	384.374479
17.418386	379.687159
17.423948	375.069731
17.429508	370.521183
17.435070	366.040509
17.440633	361.626712
17.446192	357.278802
17.451755	352.995795
17.457317	348.776717
17.462876	344.620604
17.468439	340.526499
17.474001	336.493453
17.479561	332.520531
17.485123	328.606802
17.490686	324.751351
17.496245	320.953268
17.501807	317.211656
17.507370	313.525628
17.512929	309.894309
17.518492	306.316832
17.524054	302.792342
17.529614	299.319996
17.535176	295.898961
17.540739	292.528416
17.546298	289.207548
17.551860	285.935559
17.557423	282.711661
17.562982	279.535075
17.568545	276.405035
17.574104	273.320786
17.579666	270.281584
17.585229	267.286696
17.590788	264.335399
17.596351	261.426981
17.601913	258.560743
17.607472	255.735994
17.613035	252.952055
17.618597	250.208258
17.624157	247.503945
17.629719	244.838468
17.635282	242.211189
17.640841	239.621483
17.646404	237.068731
17.651966	234.552328
17.657525	232.071676
17.663088	229.626188
17.668650	227.215287
17.674210	224.838404
17.679772	222.494983
17.685335	220.184472
17.690894	217.906334
17.696456	215.660036
17.702019	213.445058
17.707578	211.260886
17.713141	209.107017
17.718703	206.982955
17.724263	204.888212
17.729825	202.822311
17.735387	200.784781
17.740947	198.775159
17.746509	196.792992
17.752072	194.837833
17.757631	192.909243
17.763194	191.006791
17.768756	189.130054
17.774315	187.278615
17.779878	185.452066
17.785440	183.650006
17.791000	181.872038