-4.982986	14.446057
-4.977427	14.507100
-4.971867	14.568522
-4.966308	14.630324
-4.960749	14.692510
-4.955189	14.755084
-4.949630	14.818047
-4.944071	14.881404
-4.938512	14.945157
-4.932952	15.009310
-4.927393	15.073866
-4.921834	15.138829
-4.916274	15.204201
-4.910715	15.269987
-4.905156	15.336188
-4.899564	15.402810
-4.894005	15.469855
-4.888446	15.537327
-4.882887	15.605230
-4.877327	15.673566
-4.871768	15.742340
-4.866209	15.811556
-4.860649	15.881216
-4.855090	15.951325
-4.849531	16.021887
-4.843971	16.092904
-4.838412	16.164382
-4.832853	16.236324
-4.827294	16.308734
-4.821702	16.381616
-4.816143	16.454974
-4.810584	16.528811
-4.805024	16.603133
-4.799465	16.677943
-4.793906	16.753245
-4.788347	16.829043
-4.782787	16.905343
-4.777228	16.982147
-4.771669	17.059461
-4.766109	17.137289
-4.760550	17.215635
-4.754991	17.294504
-4.749431	17.373901
-4.743872	17.453829
-4.738281	17.534294
-4.732722	17.615300
-4.727162	17.696852
-4.721603	17.778954
-4.716044	17.861613
-4.710484	17.944831
-4.704925	18.028615
-4.699366	18.112970
-4.693806	18.197900
-4.688247	18.283410
-4.682688	18.369506
-4.677129	18.456193
-4.671569	18.543477
-4.666010	18.631361
-4.660451	18.719853
-4.654891	18.808957
-4.649300	18.898678
-4.643741	18.989023
-4.638182	19.079997
-4.632622	19.171606
-4.627063	19.263855
-4.621504	19.356750
-4.615944	19.450298
-4.610385	19.544503
-4.604826	19.639372
-4.599266	19.734912
-4.593707	19.831128
-4.588148	19.928026
-4.582589	20.025612
-4.577029	20.123894
-4.571470	20.222877
-4.565879	20.322569
-4.560319	20.422974
-4.554760	20.524101
-4.549201	20.625956
-4.543641	20.728545
-4.538082	20.831875
-4.532523	20.935955
-4.526964	21.040789
-4.521404	21.146386
-4.515845	21.252753
-4.510286	21.359896
-4.504726	21.467824
-4.499167	21.576544
-4.493608	21.686062
-4.488048	21.796388
-4.482457	21.907528
-4.476898	22.019490
-4.471339	22.132283
-4.465779	22.245913
-4.460220	22.360390
-4.454661	22.475720
-4.449101	22.591914
-4.443542	22.708978
-4.437983	22.826921
-4.432423	22.945752
-4.426864	23.065480
-4.421305	23.186112
-4.415746	23.307659
-4.410186	23.430128
-4.404627	23.553529
-4.399036	23.677871
-4.393476	23.803164
-4.387917	23.929416
-4.382358	24.056637
-4.376799	24.184838
-4.371239	24.314026
-4.365680	24.444213
-4.360121	24.575407
-4.354561	24.707620
-4.349002	24.840862
-4.343443	24.975142
-4.337883	25.110471
-4.332324	25.246860
-4.326765	25.384319
-4.321206	25.522859
-4.315614	25.662492
-4.310055	25.803227
-4.304496	25.945077
-4.298936	26.088052
-4.293377	26.232165
-4.287818	26.377426
-4.282258	26.523848
-4.276699	26.671443
-4.271140	26.820221
-4.265581	26.970197
-4.260021	27.121381
-4.254462	27.273788
-4.248903	27.427428
-4.243343	27.582315
-4.237784	27.738463
-4.232193	27.895883
-4.226634	28.054590
-4.221074	28.214597
-4.215515	28.375918
-4.209956	28.538566
-4.204396	28.702555
-4.198837	28.867900
-4.193278	29.034615
-4.187718	29.202714
-4.182159	29.372213
-4.176600	29.543125
-4.171041	29.715466
-4.165481	29.889252
-4.159922	30.064498
-4.154363	30.241220
-4.148771	30.419432
-4.143212	30.599153
-4.137653	30.780397
-4.132093	30.963181
-4.126534	31.147522
-4.120975	31.333438
-4.115416	31.520944
-4.109856	31.710059
-4.104297	31.900800
-4.098738	32.093184
-4.093178	32.287231
-4.087619	32.482958
-4.082060	32.680383
-4.076500	32.879526
-4.070941	33.080406
-4.065350	33.283042
-4.059791	33.487452
-4.054231	33.693658
-4.048672	33.901679
-4.043113	34.111536
-4.037553	34.323249
-4.031994	34.536838
-4.026435	34.752326
-4.020876	34.969733
-4.015316	35.189082
-4.009757	35.410393
-4.004198	35.633690
-3.998638	35.858995
-3.993079	36.086332
-3.987520	36.315722
-3.981960	36.547190
-3.976369	36.780760
-3.970810	37.016455
-3.965251	37.254301
-3.959691	37.494321
-3.954132	37.736542
-3.948573	37.980989
-3.943013	38.227687
-3.937454	38.476663
-3.931895	38.727943
-3.926336	38.981554
-3.920776	39.237524
-3.915217	39.495881
-3.909658	39.756651
-3.904098	40.019865
-3.898539	40.285550
-3.892948	40.553736
-3.887388	40.824453
-3.881829	41.097730
-3.876270	41.373598
-3.870711	41.652088
-3.865151	41.933232
-3.859592	42.217060
-3.854033	42.503606
-3.848473	42.792902
-3.842914	43.084982
-3.837355	43.379878
-3.831795	43.677625
-3.826236	43.978257
-3.820677	44.281810
-3.815086	44.588319
-3.809526	44.897820
-3.803967	45.210350
-3.798408	45.525945
-3.792848	45.844644
-3.787289	46.166484
-3.781730	46.491505
-3.776171	46.819745
-3.770611	47.151244
-3.765052	47.486043
-3.759493	47.824183
-3.753933	48.165705
-3.748374	48.510651
-3.742815	48.859064
-3.737255	49.210988
-3.731696	49.566467
-3.726105	49.925544
-3.720546	50.288266
-3.714986	50.654679
-3.709427	51.024828
-3.703868	51.398762
-3.698308	51.776528
-3.692749	52.158175
-3.687190	52.543752
-3.681630	52.933310
-3.676071	53.326899
-3.670512	53.724571
-3.664953	54.126378
-3.659393	54.532373
-3.653834	54.942611
-3.648275	55.357146
-3.642683	55.776033
-3.637124	56.199328
-3.631565	56.627090
-3.626005	57.059375
-3.620446	57.496243
-3.614887	57.937753
-3.609328	58.383966
-3.603768	58.834944
-3.598209	59.290748
-3.592650	59.751442
-3.587090	60.217091
-3.581531	60.687759
-3.575972	61.163512
-3.570412	61.644418
-3.564853	62.130546
-3.559262	62.621963
-3.553703	63.118740
-3.548143	63.620949
-3.542584	64.128662
-3.537025	64.641951
-3.531465	65.160892
-3.525906	65.685560
-3.520347	66.216032
-3.514788	66.752385
-3.509228	67.294698
-3.503669	67.843052
-3.498110	68.397528
-3.492550	68.958208
-3.486991	69.525177
-3.481432	70.098518
-3.475840	70.678319
-3.470281	71.264667
-3.464722	71.857650
-3.459163	72.457360
-3.453603	73.063887
-3.448044	73.677324
-3.442485	74.297766
-3.436925	74.925308
-3.431366	75.560047
-3.425807	76.202082
-3.420247	76.851512
-3.414688	77.508440
-3.409129	78.172967
-3.403570	78.845198
-3.398010	79.525240
-3.392419	80.213199
-3.386860	80.909185
-3.381300	81.613308
-3.375741	82.325681
-3.370182	83.046418
-3.364623	83.775633
-3.359063	84.513445
-3.353504	85.259973
-3.347945	86.015336
-3.342385	86.779657
-3.336826	87.553062
-3.331267	88.335674
-3.325707	89.127623
-3.320148	89.929038
-3.314589	90.740050
-3.308998	91.560792
-3.303438	92.391400
-3.297879	93.232011
-3.292320	94.082764
-3.286760	94.943799
-3.281201	95.815260
-3.275642	96.697291
-3.270083	97.590040
-3.264523	98.493656
-3.258964	99.408288
-3.253405	100.334091
-3.247845	101.271220
-3.242286	102.219831
-3.236727	103.180084
-3.231167	104.152140
-3.225576	105.136164
-3.220017	106.132320
-3.214458	107.140777
-3.208898	108.161705
-3.203339	109.195276
-3.197780	110.241664
-3.192220	111.301046
-3.186661	112.373602
-3.181102	113.459512
-3.175542	114.558960
-3.169983	115.672132
-3.164424	116.799214
-3.158865	117.940399
-3.153305	119.095878
-3.147746	120.265845
-3.142155	121.450499
-3.136595	122.650038
-3.131036	123.864663
-3.125477	125.094579
-3.119918	126.339991
-3.114358	127.601108
-3.108799	128.878140
-3.103240	130.171301
-3.097680	131.480804
-3.092121	132.806867
-3.086562	134.149709
-3.081002	135.509552
-3.075443	136.886619
-3.069884	138.281136
-3.064325	139.693329
-3.058765	141.123430
-3.053174	142.571669
-3.047615	144.038279
-3.042055	145.523497
-3.036496	147.027559
-3.030937	148.550704
-3.025377	150.093174
-3.019818	151.655210
-3.014259	153.237056
-3.008700	154.838957
-3.003140	156.461162
-2.997581	158.103917
-2.992022	159.767472
-2.986462	161.452078
-2.980903	163.157986
-2.975344	164.885450
-2.969753	166.634723
-2.964193	168.406058
-2.958634	170.199712
-2.953075	172.015939
-2.947515	173.854995
-2.941956	175.717136
-2.936397	177.602619
-2.930837	179.511698
-2.925278	181.444630
-2.919719	183.401669
-2.914160	185.383071
-2.908600	187.389089
-2.903041	189.419976
-2.897482	191.475984
-2.891890	193.557361
-2.886331	195.664358
-2.880772	197.797220
-2.875212	199.956191
-2.869653	202.141515
-2.864094	204.353429
-2.858535	206.592170
-2.852975	208.857971
-2.847416	211.151063
-2.841857	213.471669
-2.836297	215.820013
-2.830738	218.196311
-2.825179	220.600775
-2.819619	223.033613
-2.814060	225.495025
-2.808501	227.985208
-2.802910	230.504351
-2.797350	233.052636
-2.791791	235.630238
-2.786232	238.237327
-2.780672	240.874061
-2.775113	243.540592
-2.769554	246.237064
-2.763995	248.963609
-2.758435	251.720351
-2.752876	254.507404
-2.747317	257.324870
-2.741757	260.172841
-2.736198	263.051396
-2.730639	265.960603
-2.725079	268.900516
-2.719488	271.871176
-2.713929	274.872611
-2.708370	277.904834
-2.702810	280.967842
-2.697251	284.061618
-2.691692	287.186128
-2.686132	290.341322
-2.680573	293.527132
-2.675014	296.743473
-2.669454	299.990241
-2.663895	303.267312
-2.658336	306.574547
-2.652777	309.911780
-2.647217	313.278831
-2.641658	316.675495
-2.636067	320.101547
-2.630507	323.556738
-2.624948	327.040798
-2.619389	330.553433
-2.613829	334.094326
-2.608270	337.663135
-2.602711	341.259495
-2.597152	344.883012
-2.591592	348.533271
-2.586033	352.209830
-2.580474	355.912218
-2.574914	359.639941
-2.569355	363.392476
-2.563796	367.169275
-2.558236	370.969760
-2.552645	374.793327
-2.547086	378.639344
-2.541527	382.507152
-2.535967	386.396062
-2.530408	390.305361
-2.524849	394.234304
-2.519289	398.182119
-2.513730	402.148010
-2.508171	406.131149
-2.502612	410.130682
-2.497052	414.145730
-2.491493	418.175385
-2.485934	422.218714
-2.480374	426.274759
-2.474815	430.342534
-2.469224	434.421030
-2.463664	438.509216
-2.458105	442.606035
-2.452546	446.710408
-2.446987	450.821234
-2.441427	454.937394
-2.435868	459.057745
-2.430309	463.181129
-2.424749	467.306367
-2.419190	471.432267
-2.413631	475.557619
-2.408071	479.681201
-2.402512	483.801775
-2.396953	487.918096
-2.391394	492.028907
-2.385834	496.132941
-2.380243	500.228926
-2.374684	504.315586
-2.369124	508.391639
-2.363565	512.455802
-2.358006	516.506791
-2.352447	520.543325
-2.346887	524.564123
-2.341328	528.567913
-2.335769	532.553426
-2.330209	536.519404
-2.324650	540.464598
-2.319091	544.387772
-2.313531	548.287703
-2.307972	552.163183
-2.302381	556.013024
-2.296822	559.836054
-2.291262	563.631125
-2.285703	567.397110
-2.280144	571.132906
-2.274584	574.837438
-2.269025	578.509655
-2.263466	582.148539
-2.257907	585.753101
-2.252347	589.322383
-2.246788	592.855463
-2.241229	596.351451
-2.235669	599.809495
-2.230110	603.228780
-2.224551	606.608528
-2.218959	609.948002
-2.213400	613.246503
-2.207841	616.503376
-2.202282	619.718005
-2.196722	622.889818
-2.191163	626.018285
-2.185604	629.102920
-2.180044	632.143282
-2.174485	635.138973
-2.168926	638.089637
-2.163366	640.994967
-2.157807	643.854697
-2.152248	646.668605
-2.146689	649.436514
-2.141129	652.158292
-2.135570	654.833846
-2.129979	657.463131
-2.124419	660.046140
-2.118860	662.582908
-2.113301	665.073511
-2.107742	667.518066
-2.102182	669.916727
-2.096623	672.269687
-2.091064	674.577173
-2.085504	676.839450
-2.079945	679.056817
-2.074386	681.229605
-2.068826	683.358177
-2.063267	685.442927
-2.057708	687.484275
-2.052149	689.482672
-2.046557	691.438593
-2.040998	693.352536
-2.035439	695.225023
-2.029879	697.056599
-2.024320	698.847826
-2.018761	700.599284
-2.013201	702.311571
-2.007642	703.985299
-2.002083	705.621094
-1.996524	707.219593
-1.990964	708.781443
-1.985405	710.307302
-1.979846	711.797833
-1.974286	713.253706
-1.968695	714.675596
-1.963136	716.064180
-1.957577	717.420139
-1.952017	718.744153
-1.946458	720.036902
-1.940899	721.299066
-1.935339	722.531322
-1.929780	723.734342
-1.924221	724.908795
-1.918661	726.055344
-1.913102	727.174648
-1.907543	728.267358
-1.901984	729.334116
-1.896424	730.375559
-1.890865	731.392314
-1.885306	732.384999
-1.879714	733.354223
-1.874155	734.300585
-1.868596	735.224674
-1.863036	736.127070
-1.857477	737.008341
-1.851918	737.869046
-1.846359	738.709732
-1.840799	739.530936
-1.835240	740.333184
-1.829681	741.116992
-1.824121	741.882864
-1.818562	742.631295
-1.813003	743.362769
-1.807443	744.077759
-1.801884	744.776729
-1.796293	745.460132
-1.790734	746.128412
-1.785174	746.782002
-1.779615	747.421326
-1.774056	748.046799
-1.768496	748.658826
-1.762937	749.257805
-1.757378	749.844121
-1.751818	750.418155
-1.746259	750.980275
-1.740700	751.530843
-1.735141	752.070212
-1.729581	752.598727
-1.724022	753.116723
-1.718463	753.624530
-1.712871	754.122467
-1.707312	754.610846
-1.701753	755.089971
-1.696194	755.560138
-1.690634	756.021635
-1.685075	756.474742
-1.679516	756.919731
-1.673956	757.356865
-1.668397	757.786403
-1.662838	758.208590
-1.657278	758.623668
-1.651719	759.031869
-1.646160	759.433417
-1.640601	759.828529
-1.635041	760.217414
-1.629450	760.600271
-1.623891	760.977294
-1.618331	761.348669
-1.612772	761.714572
-1.607213	762.075174
-1.601653	762.430637
-1.596094	762.781116
-1.590535	763.126761
-1.584976	763.467711
-1.579416	763.804100
-1.573857	764.136057
-1.568298	764.463703
-1.562738	764.787153
-1.557179	765.106515
-1.551620	765.421893
-1.546029	765.733385
-1.540469	766.041084
-1.534910	766.345078
-1.529351	766.645450
-1.523791	766.942280
-1.518232	767.235643
-1.512673	767.525612
-1.507113	767.812253
-1.501554	768.095635
-1.495995	768.375818
-1.490436	768.652864
-1.484876	768.926831
-1.479317	769.197776
-1.473758	769.465754
-1.468198	769.730819
-1.462639	769.993024
-1.457048	770.252421
-1.451488	770.509060
-1.445929	770.762992
-1.440370	771.014269
-1.434811	771.262940
-1.429251	771.509054
-1.423692	771.752663
-1.418133	771.993815
-1.412573	772.232561
-1.407014	772.468950
-1.401455	772.703033
-1.395895	772.934859
-1.390336	773.164477
-1.384777	773.391938
-1.379186	773.617291
-1.373626	773.840584
-1.368067	774.061866
-1.362508	774.281184
-1.356948	774.498586
-1.351389	774.714118
-1.345830	774.927824
-1.340271	775.139749
-1.334711	775.349934
-1.329152	775.558422
-1.323593	775.765250
-1.318033	775.970457
-1.312474	776.174078
-1.306915	776.376147
-1.301355	776.576695
-1.295764	776.775752
-1.290205	776.973344
-1.284646	777.169498
-1.279086	777.364234
-1.273527	777.557574
-1.267968	777.749535
-1.262408	777.940132
-1.256849	778.129380
-1.251290	778.317288
-1.245731	778.503867
-1.240171	778.689124
-1.234612	778.873063
-1.229053	779.055689
-1.223493	779.237003
-1.217934	779.417006
-1.212375	779.595697
-1.206783	779.773076
-1.201224	779.949139
-1.195665	780.123884
-1.190106	780.297308
-1.184546	780.469406
-1.178987	780.640176
-1.173428	780.809614
-1.167868	780.977718
-1.162309	781.144484
-1.156750	781.309911
-1.151190	781.474000
-1.145631	781.636749
-1.140072	781.798162
-1.134513	781.958240
-1.128953	782.116989
-1.123362	782.274415
-1.117803	782.430524
-1.112243	782.585327
-1.106684	782.738833
-1.101125	782.891055
-1.095566	783.042008
-1.090006	783.191706
-1.084447	783.340167
-1.078888	783.487408
-1.073328	783.633450
-1.067769	783.778313
-1.062210	783.922020
-1.056650	784.064591
-1.051091	784.206052
-1.045532	784.346426
-1.039941	784.485737
-1.034381	784.624009
-1.028822	784.761267
-1.023263	784.897535
-1.017703	785.032837
-1.012144	785.167195
-1.006585	785.300633
-1.001025	785.433172
-0.995466	785.564831
-0.989907	785.695631
-0.984348	785.825588
-0.978788	785.954720
-0.973229	786.083040
-0.967670	786.210562
-0.962110	786.337297
-0.956519	786.463253
-0.950960	786.588440
-0.945401	786.712862
-0.939841	786.836523
-0.934282	786.959425
-0.928723	787.081570
-0.923163	787.202955
-0.917604	787.323579
-0.912045	787.443436
-0.906485	787.562522
-0.900926	787.680829
-0.895367	787.798351
-0.889807	787.915079
-0.884248	788.031004
-0.878689	788.146116
-0.873098	788.260407
-0.867538	788.373865
-0.861979	788.486481
-0.856420	788.598246
-0.850860	788.709151
-0.845301	788.819188
-0.839742	788.928350
-0.834183	789.036629
-0.828623	789.144021
-0.823064	789.250522
-0.817505	789.356129
-0.811945	789.460840
-0.806386	789.564658
-0.800827	789.667583
-0.795267	789.769619
-0.789676	789.870772
-0.784117	789.971049
-0.778558	790.070458
-0.772998	790.169011
-0.767439	790.266718
-0.761880	790.363594
-0.756320	790.459653
-0.750761	790.554910
-0.745202	790.649384
-0.739642	790.743092
-0.734083	790.836054
-0.728524	790.928287
-0.722965	791.019813
-0.717405	791.110652
-0.711846	791.200824
-0.706255	791.290349
-0.700695	791.379247
-0.695136	791.467537
-0.689577	791.555239
-0.684018	791.642369
-0.678458	791.728945
-0.672899	791.814982
-0.667340	791.900495
-0.661780	791.985496
-0.656221	792.069997
-0.650662	792.154008
-0.645102	792.237536
-0.639543	792.320588
-0.633984	792.403168
-0.628425	792.485279
-0.622833	792.566921
-0.617274	792.648094
-0.611715	792.728795
-0.606155	792.809019
-0.600596	792.888761
-0.595037	792.968013
-0.589477	793.046766
-0.583918	793.125011
-0.578359	793.202737
-0.572800	793.279931
-0.567240	793.356582
-0.561681	793.432676
-0.556122	793.508201
-0.550562	793.583142
-0.545003	793.657486
-0.539444	793.731220
-0.533853	793.804332
-0.528293	793.876808
-0.522734	793.948639
-0.517175	794.019813
-0.511615	794.090321
-0.506056	794.160156
-0.500497	794.229310
-0.494937	794.297779
-0.489378	794.365559
-0.483819	794.432647
-0.478260	794.499045
-0.472700	794.564752
-0.467141	794.629773
-0.461582	794.694111
-0.455990	794.757775
-0.450431	794.820771
-0.444872	794.883110
-0.439312	794.944802
-0.433753	795.005860
-0.428194	795.066297
-0.422635	795.126130
-0.417075	795.185372
-0.411516	795.244040
-0.405957	795.302151
-0.400397	795.359724
-0.394838	795.416774
-0.389279	795.473319
-0.383720	795.529378
-0.378160	795.584966
-0.372569	795.640100
-0.367010	795.694795
-0.361450	795.749067
-0.355891	795.802929
-0.350332	795.856393
-0.344772	795.909470
-0.339213	795.962170
-0.333654	796.014501
-0.328095	796.066469
-0.322535	796.118078
-0.316976	796.169332
-0.311417	796.220231
-0.305857	796.270774
-0.300298	796.320960
-0.294739	796.370783
-0.289179	796.420238
-0.283588	796.469317
-0.278029	796.518011
-0.272470	796.566310
-0.266910	796.614202
-0.261351	796.661675
-0.255792	796.708714
-0.250232	796.755306
-0.244673	796.801435
-0.239114	796.847085
-0.233555	796.892242
-0.227995	796.936890
-0.222436	796.981012
-0.216877	797.024595
-0.211317	797.067623
-0.205758	797.110082
-0.200167	797.151960
-0.194607	797.193245
-0.189048	797.233926
-0.183489	797.273993
-0.177930	797.313439
-0.172370	797.352257
-0.166811	797.390442
-0.161252	797.427992
-0.155692	797.464904
-0.150133	797.501180
-0.144574	797.536820
-0.139014	797.571829
-0.133455	797.606212
-0.127896	797.639975
-0.122337	797.673128
-0.116745	797.705680
-0.111186	797.737642
-0.105627	797.769025
-0.100067	797.799844
-0.094508	797.830112
-0.088949	797.859843
-0.083390	797.889053
-0.077830	797.917757
-0.072271	797.945970
-0.066712	797.973707
-0.061152	798.000984
-0.055593	798.027814
-0.050034	798.054213
-0.044474	798.080192
-0.038915	798.105763
-0.033324	798.130937
-0.027765	798.155724
-0.022205	798.180132
-0.016646	798.204167
-0.011087	798.227833
-0.005527	798.251135
0.000032	798.274072
0.005591	798.296646
0.011151	798.318853
0.016710	798.340690
0.022269	798.362150
0.027828	798.383227
0.033388	798.403911
0.038947	798.424191
0.044506	798.444055
0.050098	798.463490
0.055657	798.482482
0.061216	798.501013
0.066776	798.519069
0.072335	798.536632
0.077894	798.553684
0.083453	798.570207
0.089013	798.586183
0.094572	798.601594
0.100131	798.616422
0.105691	798.630650
0.111250	798.644262
0.116809	798.657240
0.122369	798.669572
0.127928	798.681241
0.133519	798.692237
0.139078	798.702548
0.144638	798.712163
0.150197	798.721076
0.155756	798.729279
0.161316	798.736767
0.166875	798.743538
0.172434	798.749589
0.177993	798.754922
0.183553	798.759537
0.189112	798.763439
0.194671	798.766632
0.200231	798.769122
0.205790	798.770917
0.211349	798.772027
0.216941	798.772460
0.222500	798.772227
0.228059	798.771341
0.233618	798.769812
0.239178	798.767654
0.244737	798.764877
0.250296	798.761496
0.255856	798.757521
0.261415	798.752964
0.266974	798.747837
0.272534	798.742150
0.278093	798.735912
0.283652	798.729131
0.289211	798.721814
0.294771	798.713966
0.300362	798.705592
0.305921	798.696693
0.311481	798.687271
0.317040	798.677323
0.322599	798.666848
0.328158	798.655840
0.333718	798.644293
0.339277	798.632198
0.344836	798.619545
0.350396	798.606323
0.355955	798.592516
0.361514	798.578112
0.367074	798.563092
0.372633	798.547440
0.378192	798.531137
0.383751	798.514162
0.389343	798.496496
0.394902	798.478116
0.400461	798.459002
0.406021	798.439132
0.411580	798.418483
0.417139	798.397033
0.422699	798.374763
0.428258	798.351650
0.433817	798.327674
0.439376	798.302817
0.444936	798.277059
0.450495	798.250384
0.456054	798.222775
0.461614	798.194219
0.467173	798.164703
0.472764	798.134214
0.478323	798.102745
0.483883	798.070285
0.489442	798.036830
0.495001	798.002374
0.500561	797.966915
0.506120	797.930451
0.511679	797.892982
0.517239	797.854510
0.522798	797.815038
0.528357	797.774571
0.533916	797.733114
0.539476	797.690673
0.545035	797.647255
0.550626	797.602869
0.556186	797.557522
0.561745	797.511224
0.567304	797.463983
0.572863	797.415808
0.578423	797.366707
0.583982	797.316688
0.589541	797.265760
0.595101	797.213928
0.600660	797.161198
0.606219	797.107576
0.611779	797.053064
0.617338	796.997665
0.622897	796.941381
0.628456	796.884210
0.634016	796.826150
0.639607	796.767199
0.645166	796.707352
0.650726	796.646601
0.656285	796.584939
0.661844	796.522356
0.667404	796.458842
0.672963	796.394386
0.678522	796.328973
0.684081	796.262590
0.689641	796.195222
0.695200	796.126854
0.700759	796.057469
0.706319	795.987052
0.711878	795.915587
0.717437	795.843056
0.723028	795.769445
0.728588	795.694738
0.734147	795.618921
0.739706	795.541981
0.745266	795.463907
0.750825	795.384686
0.756384	795.304312
0.761944	795.222777
0.767503	795.140076
0.773062	795.056207
0.778621	794.971170
0.784181	794.884967
0.789740	794.797603
0.795299	794.709087
0.800859	794.619428
0.806450	794.528642
0.812009	794.436743
0.817569	794.343752
0.823128	794.249691
0.828687	794.154585
0.834246	794.058461
0.839806	793.961351
0.845365	793.863288
0.850924	793.764307
0.856484	793.664447
0.862043	793.563747
0.867602	793.462250
0.873162	793.360000
0.878721	793.257042
0.884280	793.153423
0.889871	793.049192
0.895431	792.944397
0.900990	792.839088
0.906549	792.733316
0.912109	792.627131
0.917668	792.520584
0.923227	792.413725
0.928786	792.306605
0.934346	792.199272
0.939905	792.091777
0.945464	791.984165
0.951024	791.876485
0.956583	791.768782
0.962142	791.661100
0.967702	791.553482
0.973293	791.445970
0.978852	791.338601
0.984411	791.231416
0.989971	791.124449
0.995530	791.017735
1.001089	790.911307
1.006649	790.805196
1.012208	790.699430
1.017767	790.594038
1.023327	790.489046
1.028886	790.384478
1.034445	790.280356
1.040004	790.176703
1.045564	790.073539
1.051123	789.970883
1.056714	789.868753
1.062274	789.767167
1.067833	789.666141
1.073392	789.565690
1.078952	789.465831
1.084511	789.366577
1.090070	789.267943
1.095629	789.169942
1.101189	789.072590
1.106748	788.975899
1.112307	788.879883
1.117867	788.784555
1.123426	788.689930
1.128985	788.596021
1.134545	788.502842
1.140136	788.410407
1.145695	788.318730
1.151254	788.227825
1.156814	788.137707
1.162373	788.048389
1.167932	787.959887
1.173492	787.872213
1.179051	787.785382
1.184610	787.699408
1.190169	787.614304
1.195729	787.530082
1.201288	787.446756
1.206847	787.364336
1.212407	787.282834
1.217966	787.202260
1.223557	787.122624
1.229117	787.043932
1.234676	786.966193
1.240235	786.889413
1.245794	786.813595
1.251354	786.738743
1.256913	786.664860
1.262472	786.591945
1.268032	786.519998
1.273591	786.449016
1.279150	786.378995
1.284710	786.309929
1.290269	786.241812
1.295828	786.174635
1.301387	786.108388
1.306947	786.043061
1.312538	785.978639
1.318097	785.915111
1.323657	785.852460
1.329216	785.790672
1.334775	785.729730
1.340334	785.669616
1.345894	785.610312
1.351453	785.551801
1.357012	785.494062
1.362572	785.437078
1.368131	785.380829
1.373690	785.325296
1.379250	785.270460
1.384809	785.216303
1.390368	785.162808
1.395959	785.109956
1.401519	785.057732
1.407078	785.006120
1.412637	784.955105
1.418197	784.904674
1.423756	784.854814
1.429315	784.805513
1.434874	784.756763
1.440434	784.708553
1.445993	784.660877
1.451552	784.613729
1.457112	784.567102
1.462671	784.520994
1.468230	784.475401
1.473822	784.430324
1.479381	784.385760
1.484940	784.341712
1.490499	784.298180
1.496059	784.255167
1.501618	784.212676
1.507177	784.170711
1.512737	784.129276
1.518296	784.088376
1.523855	784.048014
1.529415	784.008196
1.534974	783.968926
1.540533	783.930210
1.546092	783.892050
1.551652	783.854450
1.557211	783.817414
1.562802	783.780943
1.568362	783.745040
1.573921	783.709705
1.579480	783.674937
1.585039	783.640736
1.590599	783.607098
1.596158	783.574021
1.601717	783.541499
1.607277	783.509527
1.612836	783.478097
1.618395	783.447202
1.623955	783.416832
1.629514	783.386976
1.635073	783.357624
1.640632	783.328763
1.646224	783.300380
1.651783	783.272461
1.657342	783.244991
1.662902	783.217956
1.668461	783.191340
1.674020	783.165126
1.679580	783.139300
1.685139	783.113844
1.690698	783.088744
1.696257	783.063984
1.701817	783.039548
1.707376	783.015421
1.712935	782.991590
1.718495	782.968041
1.724054	782.944762
1.729645	782.921740
1.735204	782.898966
1.740764	782.876429
1.746323	782.854122
1.751882	782.832038
1.757442	782.810170
1.763001	782.788514
1.768560	782.767066
1.774120	782.745825
1.779679	782.724790
1.785238	782.703961
1.790797	782.683340
1.796357	782.662929
1.801916	782.642732
1.807475	782.622754
1.813067	782.602999
1.818626	782.583475
1.824185	782.564188
1.829745	782.545146
1.835304	782.526355
1.840863	782.507823
1.846422	782.489559
1.851982	782.471570
1.857541	782.453864
1.863100	782.436448
1.868660	782.419329
1.874219	782.402514
1.879778	782.386007
1.885338	782.369815
1.890897	782.353940
1.896488	782.338386
1.902047	782.323154
1.907607	782.308246
1.913166	782.293662
1.918725	782.279399
1.924285	782.265456
1.929844	782.251828
1.935403	782.238511
1.940963	782.225497
1.946522	782.212781
1.952081	782.200353
1.957640	782.188204
1.963200	782.176323
1.968759	782.164701
1.974318	782.153324
1.979878	782.142181
1.985469	782.131258
1.991028	782.120543
1.996587	782.110021
2.002147	782.099678
2.007706	782.089502
2.013265	782.079478
2.018825	782.069594
2.024384	782.059836
2.029943	782.050193
2.035503	782.040652
2.041062	782.031203
2.046621	782.021836
2.052180	782.012541
2.057740	782.003312
2.063331	781.994140
2.068890	781.985021
2.074450	781.975950
2.080009	781.966923
2.085568	781.957938
2.091128	781.948996
2.096687	781.940096
2.102246	781.931240
2.107805	781.922431
2.113365	781.913672
2.118924	781.904970
2.124483	781.896329
2.130043	781.887757
2.135602	781.879261
2.141161	781.870849
2.146752	781.862531
2.152312	781.854314
2.157871	781.846208
2.163430	781.838224
2.168990	781.830369
2.174549	781.822654
2.180108	781.815088
2.185668	781.807678
2.191227	781.800434
2.196786	781.793362
2.202345	781.786470
2.207905	781.779763
2.213464	781.773246
2.219023	781.766922
2.224583	781.760796
2.230142	781.754867
2.235733	781.749137
2.241293	781.743605
2.246852	781.738268
2.252411	781.733125
2.257970	781.728169
2.263530	781.723397
2.269089	781.718800
2.274648	781.714372
2.280208	781.710104
2.285767	781.705986
2.291326	781.702008
2.296886	781.698158
2.302445	781.694426
2.308004	781.690799
2.313563	781.687265
2.319155	781.683812
2.324714	781.680426
2.330273	781.677096
2.335833	781.673808
2.341392	781.670552
2.346951	781.667315
2.352510	781.664087
2.358070	781.660857
2.363629	781.657617
2.369188	781.654357
2.374748	781.651071
2.380307	781.647752
2.385866	781.644394
2.391426	781.640994
2.396985	781.637549
2.402576	781.634058
2.408135	781.630519
2.413695	781.626934
2.419254	781.623305
2.424813	781.619635
2.430373	781.615929
2.435932	781.612192
2.441491	781.608430
2.447050	781.604652
2.452610	781.600864
2.458169	781.597076
2.463728	781.593297
2.469288	781.589537
2.474847	781.585806
2.480406	781.582114
2.485998	781.578472
2.491557	781.574890
2.497116	781.571378
2.502675	781.567945
2.508235	781.564601
2.513794	781.561355
2.519353	781.558214
2.524913	781.555185
2.530472	781.552275
2.536031	781.549488
2.541591	781.546830
2.547150	781.544302
2.552709	781.541907
2.558268	781.539646
2.563828	781.537517
2.569419	781.535520
2.574978	781.533651
2.580538	781.531905
2.586097	781.530279
2.591656	781.528765
2.597215	781.527356
2.602775	781.526044
2.608334	781.524819
2.613893	781.523673
2.619453	781.522595
2.625012	781.521573
2.630571	781.520597
2.636131	781.519655
2.641690	781.518735
2.647249	781.517826
2.652840	781.516917
2.658400	781.515995
2.663959	781.515052
2.669518	781.514076
2.675078	781.513058
2.680637	781.511989
2.686196	781.510862
2.691756	781.509670
2.697315	781.508406
2.702874	781.507067
2.708433	781.505649
2.713993	781.504149
2.719552	781.502567
2.725111	781.500902
2.730671	781.499157
2.736262	781.497333
2.741821	781.495435
2.747380	781.493469
2.752940	781.491439
2.758499	781.489353
2.764058	781.487219
2.769618	781.485047
2.775177	781.482846
2.780736	781.480626
2.786296	781.478398
2.791855	781.476174
2.797414	781.473964
2.802974	781.471780
2.808533	781.469634
2.814092	781.467537
2.819683	781.465501
2.825243	781.463535
2.830802	781.461650
2.836361	781.459856
2.841921	781.458160
2.847480	781.456571
2.853039	781.455096
2.858598	781.453740
2.864158	781.452509
2.869717	781.451405
2.875276	781.450431
2.880836	781.449588
2.886395	781.448875
2.891954	781.448293
2.897514	781.447838
2.903073	781.447506
2.908664	781.447292
2.914223	781.447192
2.919783	781.447197
2.925342	781.447301
2.930901	781.447494
2.936461	781.447767
2.942020	781.448112
2.947579	781.448516
2.953139	781.448971
2.958698	781.449464
2.964257	781.449986
2.969816	781.450525
2.975376	781.451071
2.980935	781.451613
2.986526	781.452142
2.992086	781.452650
2.997645	781.453126
3.003204	781.453563
3.008763	781.453956
3.014323	781.454297
3.019882	781.454582
3.025441	781.454808
3.031001	781.454971
3.036560	781.455071
3.042119	781.455108
3.047679	781.455082
3.053238	781.454996
3.058797	781.454854
3.064356	781.454659
3.069948	781.454418
3.075507	781.454138
3.081066	781.453825
3.086626	781.453489
3.092185	781.453139
3.097744	781.452785
3.103304	781.452437
3.108863	781.452105
3.114422	781.451802
3.119981	781.451538
3.125541	781.451325
3.131100	781.451173
3.136659	781.451094
3.142219	781.451097
3.147778	781.451193
3.153337	781.451391
3.158928	781.451700
3.164488	781.452126
3.170047	781.452678
3.175606	781.453360
3.181166	781.454178
3.186725	781.455134
3.192284	781.456231
3.197844	781.457470
3.203403	781.458851
3.208962	781.460373
3.214521	781.462032
3.220081	781.463825
3.225640	781.465747
3.231199	781.467791
3.236759	781.469952
3.242350	781.472219
3.247909	781.474586
3.253468	781.477042
3.259028	781.479577
3.264587	781.482179
3.270146	781.484839
3.275706	781.487544
3.281265	781.490284
3.286824	781.493045
3.292384	781.495818
3.297943	781.498592
3.303502	781.501354
3.309061	781.504096
3.314621	781.506808
3.320180	781.509480
3.325771	781.512107
3.331331	781.514679
3.336890	781.517192
3.342449	781.519641
3.348009	781.522022
3.353568	781.524332
3.359127	781.526571
3.364686	781.528739
3.370246	781.530836
3.375805	781.532866
3.381364	781.534831
3.386924	781.536737
3.392483	781.538589
3.398042	781.540394
3.403602	781.542161
3.409193	781.543896
3.414752	781.545611
3.420311	781.547313
3.425871	781.549015
3.431430	781.550725
3.436989	781.552456
3.442549	781.554217
3.448108	781.556021
3.453667	781.557877
3.459226	781.559796
3.464786	781.561787
3.470345	781.563861
3.475904	781.566025
3.481464	781.568288
3.487023	781.570657
3.492614	781.573136
3.498174	781.575732
3.503733	781.578449
3.509292	781.581288
3.514851	781.584251
3.520411	781.587339
3.525970	781.590550
3.531529	781.593882
3.537089	781.597332
3.542648	781.600895
3.548207	781.604566
3.553767	781.608338
3.559326	781.612202
3.564885	781.616151
3.570444	781.620176
3.576036	781.624265
3.581595	781.628409
3.587154	781.632596
3.592714	781.636815
3.598273	781.641055
3.603832	781.645305
3.609391	781.649551
3.614951	781.653785
3.620510	781.657994
3.626069	781.662168
3.631629	781.666298
3.637188	781.670374
3.642747	781.674388
3.648307	781.678333
3.653866	781.682203
3.659457	781.685993
3.665016	781.689697
3.670576	781.693314
3.676135	781.696842
3.681694	781.700280
3.687254	781.703629
3.692813	781.706891
3.698372	781.710069
3.703932	781.713167
3.709491	781.716191
3.715050	781.719148
3.720609	781.722044
3.726169	781.724888
3.731728	781.727688
3.737287	781.730456
3.742879	781.733200
3.748438	781.735931
3.753997	781.738660
3.759557	781.741398
3.765116	781.744156
3.770675	781.746945
3.776234	781.749776
3.781794	781.752657
3.787353	781.755600
3.792912	781.758614
3.798472	781.761706
3.804031	781.764883
3.809590	781.768154
3.815150	781.771522
3.820709	781.774993
3.826268	781.778569
3.831859	781.782253
3.837419	781.786045
3.842978	781.789945
3.848537	781.793952
3.854097	781.798063
3.859656	781.802273
3.865215	781.806578
3.870774	781.810971
3.876334	781.815445
3.881893	781.819992
3.887452	781.824603
3.893012	781.829268
3.898571	781.833978
3.904130	781.838721
3.909690	781.843485
3.915281	781.848261
3.920840	781.853035
3.926399	781.857798
3.931959	781.862537
3.937518	781.867241
3.943077	781.871901
3.948637	781.876505
3.954196	781.881045
3.959755	781.885512
3.965315	781.889899
3.970874	781.894198
3.976433	781.898404
3.981992	781.902512
3.987552	781.906519
3.993143	781.910423
3.998702	781.914223
4.004262	781.917919
4.009821	781.921512
4.015380	781.925005
4.020939	781.928402
4.026499	781.931708
4.032058	781.934928
4.037617	781.938071
4.043177	781.941143
4.048736	781.944153
4.054295	781.947111
4.059855	781.950026
4.065414	781.952909
4.070973	781.955771
4.076532	781.958623
4.082124	781.961475
4.087683	781.964339
4.093242	781.967224
4.098802	781.970143
4.104361	781.973103
4.109920	781.976115
4.115480	781.979188
4.121039	781.982329
4.126598	781.985545
4.132157	781.988841
4.137717	781.992224
4.143276	781.995696
4.148835	781.999260
4.154395	782.002917
4.159954	782.006668
4.165545	782.010512
4.171104	782.014445
4.176664	782.018466
4.182223	782.022568
4.187782	782.026746
4.193342	782.030993
4.198901	782.035302
4.204460	782.039664
4.210020	782.044069
4.215579	782.048507
4.221138	782.052968
4.226697	782.057440
4.232257	782.061913
4.237816	782.066374
4.243375	782.070812
4.248967	782.075216
4.254526	782.079574
4.260085	782.083876
4.265644	782.088111
4.271204	782.092269
4.276763	782.096342
4.282322	782.100321
4.287882	782.104199
4.293441	782.107969
4.299000	782.111627
4.304560	782.115169
4.310119	782.118591
4.315678	782.121892
4.321237	782.125071
4.326797	782.128129
4.332388	782.131069
4.337947	782.133893
4.343507	782.136605
4.349066	782.139212
4.354625	782.141719
4.360185	782.144133
4.365744	782.146464
4.371303	782.148719
4.376862	782.150909
4.382422	782.153043
4.387981	782.155132
4.393540	782.157186
4.399100	782.159216
4.404659	782.161234
4.410218	782.163249
4.415809	782.165272
4.421369	782.167313
4.426928	782.169382
4.432487	782.171486
4.438047	782.173635
4.443606	782.175834
4.449165	782.178091
4.454725	782.180411
4.460284	782.182796
4.465843	782.185251
4.471402	782.187777
4.476962	782.190375
4.482521	782.193043
4.488080	782.195779
4.493640	782.198581
4.499231	782.201444
4.504790	782.204362
4.510350	782.207329
4.515909	782.210337
4.521468	782.213377
4.527027	782.216440
4.532587	782.219517
4.538146	782.222595
4.543705	782.225665
4.549265	782.228714
4.554824	782.231731
4.560383	782.234704
4.565943	782.237621
4.571502	782.240470
4.577061	782.243240
4.582652	782.245920
4.588212	782.248500
4.593771	782.250969
4.599330	782.253320
4.604890	782.255543
4.610449	782.257632
4.616008	782.259581
4.621568	782.261385
4.627127	782.263039
4.632686	782.264542
4.638245	782.265892
4.643805	782.267088
4.649364	782.268132
4.654923	782.269026
4.660483	782.269773
4.666074	782.270378
4.671633	782.270845
4.677192	782.271183
4.682752	782.271398
4.688311	782.271497
4.693870	782.271490
4.699430	782.271387
4.704989	782.271196
4.710548	782.270929
4.716108	782.270594
4.721667	782.270203
4.727226	782.269766
4.732785	782.269292
4.738345	782.268791
4.743904	782.268273
4.749463	782.267745
4.755055	782.267215
4.760614	782.266691
4.766173	782.266178
4.771733	782.265681
4.777292	782.265205
4.782851	782.264751
4.788410	782.264322
4.793970	782.263917
4.799529	782.263536
4.805088	782.263177
4.810648	782.262837
4.816207	782.262510
4.821766	782.262191
4.827326	782.261873
4.832885	782.261548
4.838476	782.261207
4.844035	782.260841
4.849595	782.260438
4.855154	782.259988
4.860713	782.259479
4.866273	782.258898
4.871832	782.258233
4.877391	782.257472
4.882950	782.256601
4.888510	782.255608
4.894069	782.254480
4.899628	782.253206
4.905188	782.251774
4.910747	782.250172
4.916306	782.248391
4.921898	782.246422
4.927457	782.244255
4.933016	782.241883
4.938575	782.239300
4.944135	782.236500
4.949694	782.233480
4.955253	782.230235
4.960813	782.226765
4.966372	782.223068
4.971931	782.219145
4.977491	782.214998
4.983050	782.210630
4.988609	782.206045
4.994168	782.201246
4.999728	782.196241
5.005319	782.191036
5.010878	782.185637
5.016438	782.180053
5.021997	782.174292
5.027556	782.168363
5.033115	782.162274
5.038675	782.156034
5.044234	782.149653
5.049793	782.143138
5.055353	782.136498
5.060912	782.129742
5.066471	782.122875
5.072031	782.115906
5.077590	782.108839
5.083149	782.101679
5.088740	782.094431
5.094300	782.087097
5.099859	782.079678
5.105418	782.072176
5.110978	782.064589
5.116537	782.056915
5.122096	782.049152
5.127656	782.041293
5.133215	782.033334
5.138774	782.025268
5.144333	782.017085
5.149893	782.008778
5.155452	782.000335
5.161011	781.991744
5.166571	781.982995
5.172162	781.974073
5.177721	781.964965
5.183280	781.955658
5.188840	781.946136
5.194399	781.936385
5.199958	781.926389
5.205518	781.916135
5.211077	781.905606
5.216636	781.894789
5.222196	781.883670
5.227755	781.872234
5.233314	781.860469
5.238873	781.848363
5.244433	781.835904
5.249992	781.823081
5.255583	781.809886
5.261143	781.796309
5.266702	781.782344
5.272261	781.767984
5.277820	781.753224
5.283380	781.738059
5.288939	781.722488
5.294498	781.706509
5.300058	781.690120
5.305617	781.673323
5.311176	781.656119
5.316736	781.638510
5.322295	781.620499
5.327854	781.602090
5.333414	781.583288
5.339005	781.564097
5.344564	781.544522
5.350123	781.524569
5.355683	781.504244
5.361242	781.483552
5.366801	781.462498
5.372361	781.441086
5.377920	781.419323
5.383479	781.397210
5.389038	781.374753
5.394598	781.351952
5.400157	781.328810
5.405716	781.305327
5.411276	781.281503
5.416835	781.257334
5.422426	781.232819
5.427986	781.207954
5.433545	781.182731
5.439104	781.157145
5.444663	781.131187
5.450223	781.104848
5.455782	781.078116
5.461341	781.050979
5.466901	781.023424
5.472460	780.995436
5.478019	780.967000
5.483579	780.938100
5.489138	780.908716
5.494697	780.878833
5.500256	780.848430
5.505848	780.817488
5.511407	780.785988
5.516966	780.753909
5.522526	780.721232
5.528085	780.687937
5.533644	780.654002
5.539203	780.619409
5.544763	780.584139
5.550322	780.548172
5.555881	780.511491
5.561441	780.474077
5.567000	780.435915
5.572559	780.396988
5.578119	780.357282
5.583678	780.316783
5.589237	780.275478
5.594828	780.233356
5.600388	780.190405
5.605947	780.146617
5.611506	780.101984
5.617066	780.056497
5.622625	780.010151
5.628184	779.962940
5.633743	779.914859
5.639303	779.865905
5.644862	779.816075
5.650421	779.765365
5.655981	779.713776
5.661540	779.661303
5.667099	779.607947
5.672691	779.553705
5.678250	779.498577
5.683809	779.442561
5.689368	779.385654
5.694928	779.327856
5.700487	779.269162
5.706046	779.209570
5.711606	779.149075
5.717165	779.087672
5.722724	779.025354
5.728284	778.962116
5.733843	778.897947
5.739402	778.832839
5.744961	778.766781
5.750521	778.699760
5.756080	778.631763
5.761671	778.562775
5.767231	778.492781
5.772790	778.421762
5.778349	778.349700
5.783909	778.276575
5.789468	778.202367
5.795027	778.127053
5.800586	778.050610
5.806146	777.973015
5.811705	777.894243
5.817264	777.814269
5.822824	777.733067
5.828383	777.650613
5.833942	777.566878
5.839502	777.481838
5.845093	777.395467
5.850652	777.307738
5.856211	777.218626
5.861771	777.128106
5.867330	777.036154
5.872889	776.942747
5.878449	776.847861
5.884008	776.751476
5.889567	776.653571
5.895126	776.554126
5.900686	776.453124
5.906245	776.350547
5.911804	776.246381
5.917364	776.140612
5.922923	776.033227
5.928514	775.924216
5.934074	775.813568
5.939633	775.701276
5.945192	775.587334
5.950751	775.471735
5.956311	775.354475
5.961870	775.235553
5.967429	775.114965
5.972989	774.992712
5.978548	774.868794
5.984107	774.743212
5.989667	774.615969
5.995226	774.487066
6.000785	774.356507
6.006344	774.224296
6.011936	774.090436
6.017495	773.954932
6.023054	773.817789
6.028614	773.679010
6.034173	773.538600
6.039732	773.396564
6.045291	773.252905
6.050851	773.107628
6.056410	772.960736
6.061969	772.812232
6.067529	772.662120
6.073088	772.510402
6.078647	772.357080
6.084207	772.202158
6.089766	772.045637
6.095357	771.887519
6.100916	771.727806
6.106476	771.566499
6.112035	771.403601
6.117594	771.239114
6.123154	771.073041
6.128713	770.905384
6.134272	770.736147
6.139831	770.565334
6.145391	770.392952
6.150950	770.219006
6.156509	770.043504
6.162069	769.866455
6.167628	769.687870
6.173187	769.507761
6.178779	769.326142
6.184338	769.143030
6.189897	768.958443
6.195456	768.772401
6.201016	768.584927
6.206575	768.396047
6.212134	768.205789
6.217694	768.014183
6.223253	767.821262
6.228812	767.627063
6.234372	767.431624
6.239931	767.234987
6.245490	767.037196
6.251049	766.838297
6.256609	766.638341
6.262200	766.437379
6.267759	766.235467
6.273319	766.032661
6.278878	765.829022
6.284437	765.624609
6.289997	765.419489
6.295556	765.213725
6.301115	765.007386
6.306674	764.800540
6.312234	764.593258
6.317793	764.385612
6.323352	764.177673
6.328912	763.969516
6.334471	763.761215
6.340030	763.552845
6.345621	763.344479
6.351181	763.136195
6.356740	762.928065
6.362299	762.720166
6.367859	762.512572
6.373418	762.305356
6.378977	762.098591
6.384537	761.892351
6.390096	761.686706
6.395655	761.481727
6.401214	761.277483
6.406774	761.074042
6.412333	760.871472
6.417892	760.669838
6.423452	760.469204
6.429043	760.269634
6.434602	760.071188
6.440162	759.873928
6.445721	759.677912
6.451280	759.483199
6.456839	759.289844
6.462399	759.097903
6.467958	758.907431
6.473517	758.718480
6.479077	758.531103
6.484636	758.345351
6.490195	758.161274
6.495755	757.978923
6.501314	757.798346
6.506873	757.619592
6.512432	757.442708
6.518024	757.267742
6.523583	757.094741
6.529142	756.923752
6.534702	756.754820
6.540261	756.587992
6.545820	756.423314
6.551379	756.260830
6.556939	756.100587
6.562498	755.942629
6.568057	755.787001
6.573617	755.633748
6.579176	755.482913
6.584735	755.334541
6.590295	755.188674
6.595854	755.045357
6.601445	754.904630
6.607004	754.766537
6.612564	754.631117
6.618123	754.498412
6.623682	754.368461
6.629242	754.241302
6.634801	754.116971
6.640360	753.995507
6.645919	753.876942
6.651479	753.761311
6.657038	753.648645
6.662597	753.538975
6.668157	753.432330
6.673716	753.328737
6.679275	753.228220
6.684867	753.130803
6.690426	753.036509
6.695985	752.945355
6.701544	752.857361
6.707104	752.772542
6.712663	752.690912
6.718222	752.612483
6.723782	752.537264
6.729341	752.465265
6.734900	752.396492
6.740460	752.330950
6.746019	752.268642
6.751578	752.209570
6.757137	752.153734
6.762697	752.101134
6.768288	752.051767
6.773847	752.005631
6.779407	751.962722
6.784966	751.923035
6.790525	751.886565
6.796085	751.853306
6.801644	751.823253
6.807203	751.796401
6.812762	751.772742
6.818322	751.752272
6.823881	751.734985
6.829440	751.720876
6.835000	751.709941
6.840559	751.702176
6.846118	751.697579
6.851709	751.696148
6.857269	751.697881
6.862828	751.702780
6.868387	751.710845
6.873947	751.722080
6.879506	751.736486
6.885065	751.754071
6.890625	751.774839
6.896184	751.798798
6.901743	751.825957
6.907302	751.856326
6.912862	751.889914
6.918421	751.926734
6.923980	751.966799
6.929540	752.010123
6.935131	752.056719
6.940690	752.106604
6.946250	752.159792
6.951809	752.216300
6.957368	752.276145
6.962927	752.339344
6.968487	752.405914
6.974046	752.475871
6.979605	752.549234
6.985165	752.626019
6.990724	752.706243
6.996283	752.789923
7.001842	752.877074
7.007402	752.967712
7.012961	753.061852
7.018552	753.159509
7.024112	753.260697
7.029671	753.365429
7.035230	753.473718
7.040790	753.585576
7.046349	753.701014
7.051908	753.820043
7.057467	753.942674
7.063027	754.068916
7.068586	754.198779
7.074145	754.332272
7.079705	754.469405
7.085264	754.610184
7.090823	754.754620
7.096383	754.902722
7.101974	755.054497
7.107533	755.209956
7.113092	755.369108
7.118652	755.531964
7.124211	755.698534
7.129770	755.868830
7.135330	756.042865
7.140889	756.220654
7.146448	756.402210
7.152008	756.587551
7.157567	756.776693
7.163126	756.969657
7.168685	757.166463
7.174245	757.367134
7.179804	757.571693
7.185395	757.780166
7.190955	757.992581
7.196514	758.208968
7.202073	758.429356
7.207632	758.653780
7.213192	758.882274
7.218751	759.114875
7.224310	759.351619
7.229870	759.592548
7.235429	759.837702
7.240988	760.087123
7.246548	760.340856
7.252107	760.598945
7.257666	760.861438
7.263225	761.128381
7.268817	761.399822
7.274376	761.675811
7.279935	761.956396
7.285495	762.241630
7.291054	762.531560
7.296613	762.826239
7.302173	763.125718
7.307732	763.430047
7.313291	763.739277
7.318850	764.053460
7.324410	764.372644
7.329969	764.696881
7.335528	765.026221
7.341088	765.360712
7.346647	765.700402
7.352238	766.045341
7.357797	766.395576
7.363357	766.751153
7.368916	767.112120
7.374475	767.478521
7.380035	767.850401
7.385594	768.227807
7.391153	768.610781
7.396713	768.999368
7.402272	769.393610
7.407831	769.793552
7.413390	770.199236
7.418950	770.610705
7.424509	771.028002
7.430068	771.451169
7.435628	771.880250
7.441219	772.315289
7.446778	772.756329
7.452337	773.203414
7.457897	773.656589
7.463456	774.115899
7.469015	774.581391
7.474575	775.053111
7.480134	775.531107
7.485693	776.015427
7.491253	776.506120
7.496812	777.003238
7.502371	777.506830
7.507930	778.016950
7.513490	778.533649
7.519049	779.056982
7.524640	779.587002
7.530200	780.123766
7.535759	780.667328
7.541318	781.217745
7.546878	781.775074
7.552437	782.339371
7.557996	782.910694
7.563555	783.489098
7.569115	784.074642
7.574674	784.667382
7.580233	785.267372
7.585793	785.874669
7.591352	786.489327
7.596911	787.111399
7.602471	787.740936
7.608062	788.377989
7.613621	789.022607
7.619180	789.674836
7.624740	790.334721
7.630299	791.002304
7.635858	791.677626
7.641418	792.360724
7.646977	793.051632
7.652536	793.750383
7.658096	794.457005
7.663655	795.171525
7.669214	795.893963
7.674773	796.624340
7.680333	797.362672
7.685892	798.108970
7.691483	798.863243
7.697043	799.625496
7.702602	800.395730
7.708161	801.173944
7.713720	801.960132
7.719280	802.754285
7.724839	803.556388
7.730398	804.366427
7.735958	805.184381
7.741517	806.010227
7.747076	806.843938
7.752636	807.685484
7.758195	808.534832
7.763754	809.391946
7.769313	810.256786
7.774905	811.129310
7.780464	812.009473
7.786023	812.897226
7.791583	813.792520
7.797142	814.695300
7.802701	815.605511
7.808261	816.523094
7.813820	817.447990
7.819379	818.380134
7.824938	819.319462
7.830498	820.265905
7.836057	821.219395
7.841616	822.179859
7.847176	823.147223
7.852735	824.121412
7.858326	825.102347
7.863885	826.089947
7.869445	827.084132
7.875004	828.084816
7.880563	829.091913
7.886123	830.105336
7.891682	831.124993
7.897241	832.150792
7.902801	833.182640
7.908360	834.220438
7.913919	835.264090
7.919478	836.313494
7.925038	837.368547
7.930597	838.429146
7.936156	839.495183
7.941748	840.566550
7.947307	841.643136
7.952866	842.724829
7.958425	843.811515
7.963985	844.903077
7.969544	845.999397
7.975103	847.100356
7.980663	848.205834
7.986222	849.315707
7.991781	850.429852
7.997341	851.548144
8.002900	852.670456
8.008459	853.796662
8.014018	854.926635
8.019578	856.060245
8.025169	857.197364
8.030728	858.337862
8.036288	859.481611
8.041847	860.628481
8.047406	861.778344
8.052966	862.931069
8.058525	864.086530
8.064084	865.244599
8.069643	866.405149
8.075203	867.568055
8.080762	868.733192
8.086321	869.900438
8.091881	871.069669
8.097440	872.240766
8.102999	873.413611
8.108591	874.588086
8.114150	875.764075
8.119709	876.941465
8.125268	878.120143
8.130828	879.300001
8.136387	880.480928
8.141946	881.662818
8.147506	882.845566
8.153065	884.029069
8.158624	885.213223
8.164184	886.397929
8.169743	887.583086
8.175302	888.768596
8.180861	889.954362
8.186421	891.140287
8.192012	892.326274
8.197571	893.512229
8.203131	894.698056
8.208690	895.883659
8.214249	897.068943
8.219808	898.253813
8.225368	899.438173
8.230927	900.621926
8.236486	901.804974
8.242046	902.987219
8.247605	904.168562
8.253164	905.348902
8.258724	906.528136
8.264283	907.706161
8.269842	908.882873
8.275401	910.058164
8.280993	911.231926
8.286552	912.404049
8.292111	913.574421
8.297671	914.742930
8.303230	915.909460
8.308789	917.073895
8.314348	918.236118
8.319908	919.396009
8.325467	920.553448
8.331026	921.708315
8.336586	922.860488
8.342145	924.009844
8.347704	925.156261
8.353264	926.299617
8.358823	927.439789
8.364414	928.576655
8.369973	929.710095
8.375533	930.839988
8.381092	931.966216
8.386651	933.088662
8.392211	934.207212
8.397770	935.321752
8.403329	936.432172
8.408889	937.538367
8.414448	938.640232
8.420007	939.737666
8.425566	940.830573
8.431126	941.918861
8.436685	943.002441
8.442244	944.081229
8.447836	945.155146
8.453395	946.224116
8.458954	947.288071
8.464513	948.346946
8.470073	949.400680
8.475632	950.449220
8.481191	951.492516
8.486751	952.530525
8.492310	953.563207
8.497869	954.590529
8.503429	955.612463
8.508988	956.628984
8.514547	957.640076
8.520107	958.645723
8.525666	959.645918
8.531257	960.640655
8.536816	961.629934
8.542376	962.613760
8.547935	963.592140
8.553494	964.565086
8.559054	965.532613
8.564613	966.494739
8.570172	967.451487
8.575731	968.402881
8.581291	969.348947
8.586850	970.289717
8.592409	971.225220
8.597969	972.155492
8.603528	973.080568
8.609087	974.000486
8.614679	974.915285
8.620238	975.825006
8.625797	976.729690
8.631356	977.629381
8.636916	978.524124
8.642475	979.413962
8.648034	980.298944
8.653594	981.179116
8.659153	982.054527
8.664712	982.925226
8.670272	983.791265
8.675831	984.652693
8.681390	985.509565
8.686949	986.361934
8.692509	987.209856
8.698100	988.053386
8.703659	988.892584
8.709219	989.727507
8.714778	990.558219
8.720337	991.384782
8.725896	992.207261
8.731456	993.025723
8.737015	993.840237
8.742574	994.650874
8.748134	995.457709
8.753693	996.260817
8.759252	997.060277
8.764812	997.856170
8.770371	998.648579
8.775930	999.437591
8.781521	1000.223295
8.787081	1001.005782
8.792640	1001.785146
8.798199	1002.561484
8.803759	1003.334896
8.809318	1004.105482
8.814877	1004.873347
8.820436	1005.638597
8.825996	1006.401341
8.831555	1007.161689
8.837114	1007.919753
8.842674	1008.675647
8.848233	1009.429488
8.853792	1010.181391
8.859352	1010.931475
8.864943	1011.679860
8.870502	1012.426665
8.876061	1013.172010
8.881621	1013.916017
8.887180	1014.658806
8.892739	1015.400500
8.898299	1016.141218
8.903858	1016.881083
8.909417	1017.620214
8.914977	1018.358731
8.920536	1019.096753
8.926095	1019.834398
8.931654	1020.571783
8.937214	1021.309026
8.942773	1022.046240
8.948364	1022.783540
8.953924	1023.521039
8.959483	1024.258848
8.965042	1024.997078
8.970602	1025.735838
8.976161	1026.475237
8.981720	1027.215382
8.987279	1027.956380
8.992839	1028.698336
8.998398	1029.441356
9.003957	1030.185544
9.009517	1030.931003
9.015076	1031.677840
9.020635	1032.426156
9.026195	1033.176056
9.031754	1033.927645
9.037345	1034.681028
9.042904	1035.436309
9.048464	1036.193596
9.054023	1036.952995
9.059582	1037.714616
9.065142	1038.478568
9.070701	1039.244962
9.076260	1040.013912
9.081819	1040.785532
9.087379	1041.559939
9.092938	1042.337252
9.098497	1043.117591
9.104057	1043.901078
9.109616	1044.687840
9.115207	1045.478003
9.120767	1046.271695
9.126326	1047.069049
9.131885	1047.870198
9.137444	1048.675278
9.143004	1049.484425
9.148563	1050.297779
9.154122	1051.115482
9.159682	1051.937676
9.165241	1052.764505
9.170800	1053.596115
9.176360	1054.432654
9.181919	1055.274269
9.187478	1056.121108
9.193037	1056.973322
9.198597	1057.831061
9.204188	1058.694475
9.209747	1059.563714
9.215307	1060.438930
9.220866	1061.320272
9.226425	1062.207891
9.231984	1063.101937
9.237544	1064.002558
9.243103	1064.909903
9.248662	1065.824120
9.254222	1066.745354
9.259781	1067.673751
9.265340	1068.609455
9.270900	1069.552610
9.276459	1070.503357
9.282018	1071.461838
9.287609	1072.428190
9.293169	1073.402553
9.298728	1074.385064
9.304287	1075.375859
9.309847	1076.375072
9.315406	1077.382837
9.320965	1078.399287
9.326524	1079.424554
9.332084	1080.458769
9.337643	1081.502064
9.343202	1082.554567
9.348762	1083.616410
9.354321	1084.687721
9.359880	1085.768629
9.365440	1086.859264
9.371031	1087.959755
9.376590	1089.070230
9.382149	1090.190821
9.387709	1091.321655
9.393268	1092.462863
9.398827	1093.614575
9.404387	1094.776922
9.409946	1095.950035
9.415505	1097.134044
9.421065	1098.329082
9.426624	1099.535279
9.432183	1100.752767
9.437742	1101.981678
9.443302	1103.222144
9.448861	1104.474295
9.454452	1105.738262
9.460012	1107.014175
9.465571	1108.302162
9.471130	1109.602352
9.476690	1110.914869
9.482249	1112.239840
9.487808	1113.577385
9.493367	1114.927626
9.498927	1116.290677
9.504486	1117.666655
9.510045	1119.055669
9.515605	1120.457827
9.521164	1121.873230
9.526723	1123.301977
9.532283	1124.744161
9.537874	1126.199870
9.543433	1127.669186
9.548992	1129.152186
9.554552	1130.648940
9.560111	1132.159511
9.565670	1133.683956
9.571230	1135.222324
9.576789	1136.774656
9.582348	1138.340987
9.587907	1139.921343
9.593467	1141.515740
9.599026	1143.124188
9.604585	1144.746687
9.610145	1146.383228
9.615704	1148.033794
9.621295	1149.698356
9.626855	1151.376880
9.632414	1153.069318
9.637973	1154.775616
9.643532	1156.495709
9.649092	1158.229521
9.654651	1159.976969
9.660210	1161.737959
9.665770	1163.512386
9.671329	1165.300137
9.676888	1167.101089
9.682448	1168.915108
9.688007	1170.742053
9.693566	1172.581771
9.699125	1174.434099
9.704717	1176.298868
9.710276	1178.175895
9.715835	1180.064990
9.721395	1181.965954
9.726954	1183.878578
9.732513	1185.802642
9.738072	1187.737920
9.743632	1189.684175
9.749191	1191.641160
9.754750	1193.608621
9.760310	1195.586294
9.765869	1197.573906
9.771428	1199.571174
9.776988	1201.577808
9.782547	1203.593509
9.788138	1205.617968
9.793697	1207.650869
9.799257	1209.691885
9.804816	1211.740684
9.810375	1213.796923
9.815935	1215.860252
9.821494	1217.930313
9.827053	1220.006739
9.832612	1222.089156
9.838172	1224.177183
9.843731	1226.270432
9.849290	1228.368506
9.854850	1230.471002
9.860409	1232.577512
9.865968	1234.687621
9.871560	1236.800908
9.877119	1238.916946
9.882678	1241.035304
9.888237	1243.155545
9.893797	1245.277231
9.899356	1247.399917
9.904915	1249.523156
9.910475	1251.646500
9.916034	1253.769497
9.921593	1255.891695
9.927153	1258.012641
9.932712	1260.131880
9.938271	1262.248962
9.943830	1264.363433
9.949390	1266.474845
9.954981	1268.582750
9.960540	1270.686706
9.966100	1272.786272
9.971659	1274.881015
9.977218	1276.970503
9.982777	1279.054314
9.988337	1281.132031
9.993896	1283.203246
9.999455	1285.267556
10.005015	1287.324569
10.010574	1289.373903
10.016133	1291.415182
10.021693	1293.448043
10.027252	1295.472135
10.032811	1297.487114
10.038371	1299.492652
10.043962	1301.488430
10.049521	1303.474141
10.055080	1305.449493
10.060640	1307.414205
10.066199	1309.368008
10.071758	1311.310648
10.077318	1313.241881
10.082877	1315.161480
10.088436	1317.069227
10.093995	1318.964920
10.099555	1320.848368
10.105114	1322.719392
10.110673	1324.577828
10.116233	1326.423522
10.121792	1328.256332
10.127383	1330.076128
10.132943	1331.882792
10.138502	1333.676215
10.144061	1335.456301
10.149620	1337.222962
10.155180	1338.976120
10.160739	1340.715708
10.166298	1342.441665
10.171858	1344.153940
10.177417	1345.852491
10.182976	1347.537282
10.188536	1349.208284
10.194095	1350.865477
10.199654	1352.508844
10.205213	1354.138376
10.210805	1355.754071
10.216364	1357.355929
10.221923	1358.943958
10.227483	1360.518170
10.233042	1362.078579
10.238601	1363.625208
10.244160	1365.158080
10.249720	1366.677225
10.255279	1368.182674
10.260838	1369.674463
10.266398	1371.152633
10.271957	1372.617226
10.277516	1374.068290
10.283076	1375.505875
10.288635	1376.930035
10.294226	1378.340827
10.299785	1379.738314
10.305345	1381.122558
10.310904	1382.493630
10.316463	1383.851601
10.322023	1385.196548
10.327582	1386.528551
10.333141	1387.847694
10.338701	1389.154066
10.344260	1390.447758
10.349819	1391.728867
10.355378	1392.997495
10.360938	1394.253745
10.366497	1395.497727
10.372056	1396.729555
10.377648	1397.949346
10.383207	1399.157222
10.388766	1400.353308
10.394325	1401.537733
10.399885	1402.710631
10.405444	1403.872139
10.411003	1405.022397
10.416563	1406.161548
10.422122	1407.289739
10.427681	1408.407120
10.433241	1409.513840
10.438800	1410.610056
10.444359	1411.695921
10.449918	1412.771595
10.455478	1413.837235
10.461069	1414.893001
10.466628	1415.939054
10.472188	1416.975554
10.477747	1418.002661
10.483306	1419.020537
10.488866	1420.029341
10.494425	1421.029231
10.499984	1422.020366
10.505543	1423.002902
10.511103	1423.976993
10.516662	1424.942790
10.522221	1425.900446
10.527781	1426.850108
10.533340	1427.791920
10.538899	1428.726027
10.544490	1429.652568
10.550050	1430.571680
10.555609	1431.483499
10.561168	1432.388155
10.566728	1433.285778
10.572287	1434.176494
10.577846	1435.060427
10.583406	1435.937697
10.588965	1436.808423
10.594524	1437.672721
10.600083	1438.530705
10.605643	1439.382488
10.611202	1440.228181
10.616761	1441.067891
10.622321	1441.901728
10.627912	1442.729798
10.633471	1443.552208
10.639031	1444.369062
10.644590	1445.180467
10.650149	1445.986529
10.655708	1446.787353
10.661268	1447.583046
10.666827	1448.373714
10.672386	1449.159465
10.677946	1449.940410
10.683505	1450.716658
10.689064	1451.488321
10.694624	1452.255512
10.700183	1453.018347
10.705742	1453.776942
10.711333	1454.531415
10.716893	1455.281886
10.722452	1456.028478
10.728011	1456.771314
10.733571	1457.510519
10.739130	1458.246219
10.744689	1458.978542
10.750248	1459.707619
10.755808	1460.433579
10.761367	1461.156553
10.766926	1461.876673
10.772486	1462.594073
10.778045	1463.308884
10.783604	1464.021239
10.789164	1464.731271
10.794755	1465.439113
10.800314	1466.144895
10.805873	1466.848748
10.811433	1467.550802
10.816992	1468.251184
10.822551	1468.950021
10.828111	1469.647438
10.833670	1470.343558
10.839229	1471.038501
10.844788	1471.732386
10.850348	1472.425329
10.855907	1473.117443
10.861466	1473.808841
10.867026	1474.499630
10.872585	1475.189916
10.878144	1475.879805
10.883736	1476.569396
10.889295	1477.258789
10.894854	1477.948080
10.900413	1478.637364
10.905973	1479.326734
10.911532	1480.016280
10.917091	1480.706092
10.922651	1481.396257
10.928210	1482.086862
10.933769	1482.777994
10.939329	1483.469736
10.944888	1484.162174
10.950447	1484.855393
10.956006	1485.549478
10.961566	1486.244513
10.967157	1486.940585
10.972716	1487.637782
10.978276	1488.336190
10.983835	1489.035901
10.989394	1489.737005
10.994953	1490.439596
11.000513	1491.143769
11.006072	1491.849622
11.011631	1492.557255
11.017191	1493.266769
11.022750	1493.978270
11.028309	1494.691866
11.033869	1495.407667
11.039428	1496.125785
11.044987	1496.846337
11.050578	1497.569439
11.056138	1498.295212
11.061697	1499.023780
11.067256	1499.755267
11.072816	1500.489799
11.078375	1501.227507
11.083934	1501.968520
11.089494	1502.712971
11.095053	1503.460992
11.100612	1504.212719
11.106171	1504.968285
11.111731	1505.727827
11.117290	1506.491479
11.122849	1507.259379
11.128409	1508.031661
11.134000	1508.808459
11.139559	1509.589910
11.145118	1510.376144
11.150678	1511.167295
11.156237	1511.963494
11.161796	1512.764869
11.167356	1513.571548
11.172915	1514.383657
11.178474	1515.201320
11.184034	1516.024658
11.189593	1516.853792
11.195152	1517.688840
11.200712	1518.529917
11.206271	1519.377138
11.211830	1520.230614
11.217421	1521.090456
11.222981	1521.956772
11.228540	1522.829668
11.234099	1523.709251
11.239659	1524.595623
11.245218	1525.488889
11.250777	1526.389149
11.256336	1527.296506
11.261896	1528.211059
11.267455	1529.132910
11.273014	1530.062158
11.278574	1530.998904
11.284133	1531.943248
11.289692	1532.895291
11.295252	1533.855136
11.300843	1534.822884
11.306402	1535.798640
11.311961	1536.782508
11.317521	1537.774595
11.323080	1538.775007
11.328639	1539.783854
11.334199	1540.801245
11.339758	1541.827292
11.345317	1542.862109
11.350877	1543.905808
11.356436	1544.958506
11.361995	1546.020319
11.367554	1547.091365
11.373114	1548.171761
11.378673	1549.261627
11.384264	1550.361082
11.389824	1551.470244
11.395383	1552.589232
11.400942	1553.718165
11.406501	1554.857160
11.412061	1556.006331
11.417620	1557.165795
11.423179	1558.335662
11.428739	1559.516042
11.434298	1560.707041
11.439857	1561.908764
11.445417	1563.121308
11.450976	1564.344771
11.456535	1565.579243
11.462094	1566.824809
11.467686	1568.081550
11.473245	1569.349541
11.478804	1570.628851
11.484364	1571.919542
11.489923	1573.221670
11.495482	1574.535283
11.501041	1575.860423
11.506601	1577.197123
11.512160	1578.545410
11.517719	1579.905302
11.523279	1581.276808
11.528838	1582.659930
11.534397	1584.054661
11.539957	1585.460986
11.545516	1586.878880
11.551107	1588.308312
11.556666	1589.749240
11.562226	1591.201615
11.567785	1592.665376
11.573344	1594.140458
11.578904	1595.626785
11.584463	1597.124271
11.590022	1598.632824
11.595582	1600.152343
11.601141	1601.682718
11.606700	1603.223830
11.612259	1604.775554
11.617819	1606.337754
11.623378	1607.910288
11.628937	1609.493006
11.634529	1611.085749
11.640088	1612.688350
11.645647	1614.300635
11.651207	1615.922420
11.656766	1617.553517
11.662325	1619.193726
11.667884	1620.842841
11.673444	1622.500648
11.679003	1624.166926
11.684562	1625.841445
11.690122	1627.523966
11.695681	1629.214243
11.701240	1630.912023
11.706799	1632.617044
11.712359	1634.329034
11.717918	1636.047716
11.723509	1637.772802
11.729069	1639.503997
11.734628	1641.240999
11.740187	1642.983494
11.745747	1644.731164
11.751306	1646.483680
11.756865	1648.240706
11.762424	1650.001898
11.767984	1651.766904
11.773543	1653.535363
11.779102	1655.306910
11.784662	1657.081169
11.790221	1658.857758
11.795780	1660.636291
11.801340	1662.416373
11.806931	1664.197604
11.812490	1665.979578
11.818049	1667.761887
11.823602	1669.544114
11.829162	1671.325843
11.834724	1673.106653
11.840287	1674.886120
11.845846	1676.663818
11.851408	1678.439323
11.856971	1680.212207
11.862530	1681.982046
11.868093	1683.748415
11.873655	1685.510892
11.879214	1687.269059
11.884777	1689.022501
11.890339	1690.770808
11.895899	1692.513576
11.901461	1694.250407
11.907024	1695.980910
11.912583	1697.704702
11.918146	1699.421410
11.923705	1701.130670
11.929267	1702.832127
11.934830	1704.525439
11.940392	1706.210273
11.945952	1707.886311
11.951514	1709.553246
11.957073	1711.210782
11.962636	1712.858640
11.968198	1714.496552
11.973758	1716.124266
11.979320	1717.741541
11.984883	1719.348154
11.990442	1720.943893
11.996005	1722.528561
12.001567	1724.101977
12.007126	1725.663971
12.012689	1727.214389
12.018251	1728.753090
12.023811	1730.279944
12.029373	1731.794836
12.034936	1733.297662
12.040495	1734.788331
12.046057	1736.266762
12.051620	1737.732884
12.057179	1739.186639
12.062742	1740.627974
12.068304	1742.056849
12.073863	1743.473229
12.079426	1744.877088
12.084988	1746.268408
12.090548	1747.647175
12.096110	1749.013381
12.101673	1750.367024
12.107232	1751.708105
12.112795	1753.036632
12.118357	1754.352612
12.123916	1755.656058
12.129479	1756.946985
12.135041	1758.225409
12.140601	1759.491348
12.146163	1760.744823
12.151726	1761.985854
12.157285	1763.214464
12.162847	1764.430675
12.168410	1765.634512
12.173969	1766.825998
12.179532	1768.005160
12.185094	1769.172023
12.190653	1770.326615
12.196216	1771.468963
12.201778	1772.599097
12.207338	1773.717049
12.212900	1774.822850
12.218463	1775.916536
12.224022	1776.998142
12.229585	1778.067710
12.235147	1779.125279
12.240706	1780.170896
12.246269	1781.204610
12.251831	1782.226472
12.257391	1783.236538
12.262953	1784.234869
12.268516	1785.221530
12.274075	1786.196590
12.279637	1787.160123
12.285200	1788.112207
12.290759	1789.052928
12.296322	1789.982373
12.301881	1790.900636
12.307444	1791.807817
12.313006	1792.704020
12.318569	1793.589352
12.324128	1794.463928
12.329690	1795.327864
12.335253	1796.181283
12.340812	1797.024310
12.346375	1797.857073
12.351934	1798.679707
12.357496	1799.492344
12.363059	1800.295122
12.368621	1801.088181
12.374181	1801.871661
12.379743	1802.645703
12.385302	1803.410448
12.390865	1804.166038
12.396427	1804.912615
12.401987	1805.650317
12.407549	1806.379284
12.413112	1807.099651
12.418671	1807.811552
12.424234	1808.515117
12.429796	1809.210476
12.435355	1809.897751
12.440918	1810.577063
12.446480	1811.248527
12.452040	1811.912255
12.457602	1812.568354
12.463165	1813.216927
12.468724	1813.858070
12.474286	1814.491877
12.479849	1815.118436
12.485408	1815.737829
12.490971	1816.350137
12.496533	1816.955432
12.502093	1817.553786
12.507655	1818.145265
12.513217	1818.729932
12.518777	1819.307847
12.524339	1819.879065
12.529902	1820.443642
12.535461	1821.001630
12.541024	1821.553078
12.546586	1822.098036
12.552145	1822.636553
12.557708	1823.168677
12.563270	1823.694456
12.568830	1824.213938
12.574392	1824.727174
12.579955	1825.234215
12.585514	1825.735112
12.591076	1826.229922
12.596639	1826.718701
12.602198	1827.201508
12.607761	1827.678407
12.613323	1828.149464
12.618883	1828.614745
12.624445	1829.074325
12.630008	1829.528277
12.635567	1829.976681
12.641129	1830.419618
12.646692	1830.857173
12.652251	1831.289433
12.657814	1831.716490
12.663376	1832.138437
12.668935	1832.555368
12.674498	1832.967381
12.680060	1833.374575
12.685620	1833.777050
12.691182	1834.174907
12.696745	1834.568248
12.702304	1834.957173
12.707866	1835.341783
12.713429	1835.722179
12.718988	1836.098459
12.724551	1836.470721
12.730113	1836.839057
12.735673	1837.203562
12.741235	1837.564324
12.746798	1837.921429
12.752357	1838.274959
12.757919	1838.624993
12.763482	1838.971604
12.769041	1839.314864
12.774604	1839.654836
12.780163	1839.991582
12.785725	1840.325159
12.791288	1840.655616
12.796847	1840.983002
12.802410	1841.307359
12.807972	1841.628723
12.813532	1841.947129
12.819094	1842.262606
12.824657	1842.575180
12.830216	1842.884872
12.835778	1843.191703
12.841341	1843.495687
12.846900	1843.796840
12.852463	1844.095173
12.858025	1844.390697
12.863584	1844.683420
12.869147	1844.973352
12.874709	1845.260502
12.880269	1845.544877
12.885831	1845.826488
12.891394	1846.105346
12.896953	1846.381463
12.902515	1846.654853
12.908078	1846.925532
12.913637	1847.193521
12.919200	1847.458841
12.924762	1847.721518
12.930322	1847.981580
12.935884	1848.239059
12.941447	1848.493993
12.947006	1848.746420
12.952568	1848.996384
12.958131	1849.243932
12.963690	1849.489115
12.969253	1849.731987
12.974815	1849.972606
12.980374	1850.211032
12.985937	1850.447330
12.991499	1850.681564
12.997059	1850.913805
13.002621	1851.144122
13.008184	1851.372586
13.013743	1851.599271
13.019306	1851.824249
13.024868	1852.047595
13.030427	1852.269383
13.035990	1852.489683
13.041552	1852.708570
13.047112	1852.926112
13.052674	1853.142377
13.058237	1853.357432
13.063796	1853.571339
13.069358	1853.784159
13.074921	1853.995948
13.080480	1854.206760
13.086043	1854.416643
13.091605	1854.625643
13.097164	1854.833801
13.102727	1855.041154
13.108289	1855.247734
13.113849	1855.453571
13.119411	1855.658686
13.124974	1855.863102
13.130533	1856.066833
13.136096	1856.269892
13.141658	1856.472287
13.147217	1856.674024
13.152780	1856.875106
13.158342	1857.075531
13.163902	1857.275298
13.169464	1857.474403
13.175027	1857.672839
13.180586	1857.870601
13.186148	1858.067680
13.191711	1858.264070
13.197270	1858.459765
13.202833	1858.654757
13.208395	1858.849042
13.213954	1859.042618
13.219517	1859.235482
13.225076	1859.427636
13.230639	1859.619083
13.236201	1859.809832
13.241761	1859.999891
13.247323	1860.189276
13.252886	1860.378002
13.258445	1860.566091
13.264007	1860.753567
13.269570	1860.940461
13.275129	1861.126804
13.280692	1861.312632
13.286254	1861.497987
13.291813	1861.682910
13.297376	1861.867450
13.302938	1862.051655
13.308498	1862.235578
13.314060	1862.419275
13.319623	1862.602802
13.325182	1862.786217
13.330745	1862.969581
13.336307	1863.152954
13.341866	1863.336396
13.347429	1863.519969
13.352991	1863.703733
13.358551	1863.887747
13.364113	1864.072067
13.369676	1864.256751
13.375235	1864.441852
13.380797	1864.627419
13.386360	1864.813501
13.391919	1865.000141
13.397482	1865.187380
13.403044	1865.375254
13.408603	1865.563795
13.414166	1865.753031
13.419728	1865.942984
13.425288	1866.133674
13.430850	1866.325113
13.436413	1866.517312
13.441972	1866.710274
13.447535	1866.904001
13.453097	1867.098487
13.458656	1867.293724
13.464219	1867.489701
13.469781	1867.686401
13.475341	1867.883805
13.480903	1868.081893
13.486466	1868.280638
13.492025	1868.480015
13.497587	1868.679996
13.503150	1868.880550
13.508709	1869.081648
13.514272	1869.283259
13.519834	1869.485351
13.525393	1869.687895
13.530956	1869.890860
13.536518	1870.094219
13.542078	1870.297945
13.547640	1870.502014
13.553203	1870.706402
13.558762	1870.911090
13.564325	1871.116061
13.569887	1871.321300
13.575446	1871.526797
13.581009	1871.732544
13.586571	1871.938536
13.592131	1872.144773
13.597693	1872.351256
13.603256	1872.557990
13.608815	1872.764984
13.614377	1872.972250
13.619940	1873.179801
13.625499	1873.387653
13.631062	1873.595825
13.636624	1873.804338
13.642184	1874.013213
13.647746	1874.222473
13.653309	1874.432141
13.658868	1874.642242
13.664430	1874.852800
13.669990	1875.063838
13.675552	1875.275379
13.681115	1875.487443
13.686674	1875.700051
13.692236	1875.913220
13.697799	1876.126964
13.703358	1876.341297
13.708921	1876.556227
13.714483	1876.771761
13.720042	1876.987901
13.725605	1877.204646
13.731167	1877.421991
13.736727	1877.639928
13.742289	1877.858444
13.747852	1878.077523
13.753411	1878.297143
13.758974	1878.517282
13.764536	1878.737911
13.770095	1878.959000
13.775658	1879.180515
13.781220	1879.402418
13.786780	1879.624672
13.792342	1879.847235
13.797905	1880.070064
13.803464	1880.293114
13.809026	1880.516342
13.814589	1880.739702
13.820148	1880.963149
13.825711	1881.186638
13.831273	1881.410127
13.836833	1881.633575
13.842395	1881.856941
13.847958	1882.080189
13.853517	1882.303286
13.859079	1882.526202
13.864642	1882.748909
13.870201	1882.971386
13.875764	1883.193615
13.881326	1883.415584
13.886885	1883.637284
13.892448	1883.858713
13.898010	1884.079874
13.903570	1884.300775
13.909132	1884.521429
13.914695	1884.741856
13.920254	1884.962079
13.925816	1885.182129
13.931379	1885.402041
13.936938	1885.621853
13.942501	1885.841610
13.948063	1886.061360
13.953623	1886.281156
13.959185	1886.501052
13.964748	1886.721109
13.970307	1886.941387
13.975869	1887.161951
13.981432	1887.382865
13.986991	1887.604196
13.992554	1887.826013
13.998116	1888.048383
14.003675	1888.271373
14.009238	1888.495050
14.014800	1888.719481
14.020360	1888.944730
14.025922	1889.170860
14.031485	1889.397930
14.037044	1889.625998
14.042606	1889.855118
14.048169	1890.085344
14.053728	1890.316721
14.059291	1890.549296
14.064853	1890.783109
14.070413	1891.018198
14.075975	1891.254595
14.081534	1891.492332
14.087097	1891.731434
14.092659	1891.971923
14.098219	1892.213821
14.103781	1892.457141
14.109344	1892.701900
14.114903	1892.948106
14.120465	1893.195768
14.126028	1893.444894
14.131587	1893.695488
14.137150	1893.947552
14.142712	1894.201091
14.148272	1894.456107
14.153834	1894.712600
14.159397	1894.970574
14.164956	1895.230030
14.170518	1895.490973
14.176081	1895.753407
14.181640	1896.017338
14.187203	1896.282773
14.192765	1896.549723
14.198324	1896.818199
14.203887	1897.088215
14.209449	1897.359787
14.215009	1897.632933
14.220571	1897.907674
14.226134	1898.184031
14.231693	1898.462031
14.237255	1898.741698
14.242818	1899.023062
14.248377	1899.306150
14.253940	1899.590993
14.259502	1899.877621
14.265062	1900.166064
14.270624	1900.456351
14.276187	1900.748513
14.281746	1901.042575
14.287308	1901.338562
14.292871	1901.636497
14.298430	1901.936397
14.303993	1902.238277
14.309555	1902.542145
14.315114	1902.848006
14.320677	1903.155856
14.326239	1903.465687
14.331799	1903.777480
14.337361	1904.091210
14.342924	1904.406842
14.348483	1904.724332
14.354046	1905.043627
14.359608	1905.364660
14.365167	1905.687355
14.370730	1906.011624
14.376292	1906.337367
14.381852	1906.664472
14.387414	1906.992811
14.392977	1907.322246
14.398536	1907.652625
14.404098	1907.983781
14.409661	1908.315534
14.415220	1908.647688
14.420783	1908.980036
14.426345	1909.312355
14.431904	1909.644406
14.437467	1909.975939
14.443029	1910.306688
14.448589	1910.636371
14.454151	1910.964696
14.459714	1911.291353
14.465273	1911.616019
14.470836	1911.938359
14.476398	1912.258020
14.481957	1912.574640
14.487520	1912.887840
14.493082	1913.197229
14.498642	1913.502400
14.504204	1913.802936
14.509767	1914.098403
14.515326	1914.388356
14.520888	1914.672335
14.526448	1914.949865
14.532010	1915.220461
14.537573	1915.483621
14.543132	1915.738829
14.548694	1915.985557
14.554257	1916.223259
14.559816	1916.451377
14.565379	1916.669338
14.570941	1916.876552
14.576501	1917.072415
14.582063	1917.256307
14.587626	1917.427592
14.593185	1917.585618
14.598747	1917.729715
14.604310	1917.859198
14.609869	1917.973364
14.615432	1918.071494
14.620994	1918.152850
14.626553	1918.216679
14.632116	1918.262209
14.637678	1918.288652
14.643238	1918.295202
14.648800	1918.281037
14.654363	1918.245318
14.659922	1918.187191
14.665485	1918.105785
14.671047	1918.000216
14.676606	1917.869587
14.682169	1917.712984
14.687731	1917.529486
14.693291	1917.318157
14.698853	1917.078056
14.704415	1916.808231
14.709976	1916.507726
14.715537	1916.175579
14.721099	1915.810827
14.726660	1915.412507
14.732222	1914.979657
14.737783	1914.511321
14.743344	1914.006549
14.748906	1913.464400
14.754467	1912.883949
14.760029	1912.264282
14.765590	1911.604508
14.771151	1910.903756
14.776713	1910.161179
14.782275	1909.375960
14.787836	1908.547314
14.793397	1907.674492
14.798959	1906.756782
14.804520	1905.793518
14.810082	1904.784078
14.815643	1903.727891
14.821204	1902.624440
14.826766	1901.473265
14.832327	1900.273969
14.837889	1899.026218
14.843450	1897.729746
14.849011	1896.384362
14.854573	1894.989947
14.860134	1893.546464
14.865696	1892.053955
14.871257	1890.512550
14.876818	1888.922464
14.882380	1887.284005
14.887941	1885.597576
14.893503	1883.863672
14.899064	1882.082890
14.904625	1880.255927
14.910187	1878.383580
14.915749	1876.466753
14.921310	1874.506453
14.926871	1872.503796
14.932433	1870.460005
14.937994	1868.376409
14.943556	1866.254450
14.949117	1864.095676
14.954678	1861.901745
14.960240	1859.674422
14.965801	1857.415581
14.971363	1855.127205
14.976924	1852.811378
14.982485	1850.470292
14.988047	1848.106241
14.993608	1845.721617
14.999170	1843.318912
15.004731	1840.900712
15.010292	1838.469698
15.015854	1836.028637
15.021415	1833.580384
15.026977	1831.127874
15.032538	1828.674123
15.038100	1826.222218
15.043661	1823.775319
15.049223	1821.336647
15.054784	1818.909485
15.060345	1816.497171
15.065907	1814.103091
15.071468	1811.730678
15.077030	1809.383400
15.082591	1807.064760
15.088152	1804.778287
15.093714	1802.527530
15.099275	1800.316052
15.104837	1798.147426
15.110398	1796.025224
15.115959	1793.953015
15.121521	1791.934355
15.127082	1789.972782
15.132644	1788.071810
15.138205	1786.234922
15.143766	1784.465559
15.149328	1782.767122
15.154889	1781.142958
15.160451	1779.596355
15.166012	1778.130537
15.171573	1776.748658
15.177135	1775.453793
15.182697	1774.248933
15.188258	1773.136979
15.193819	1772.120738
15.199381	1771.202911
15.204942	1770.386095
15.210504	1769.672771
15.216065	1769.065304
15.221626	1768.565932
15.227188	1768.176768
15.232749	1767.899790
15.238311	1767.736837
15.243872	1767.689608
15.249433	1767.759655
15.254995	1767.948382
15.260556	1768.257039
15.266118	1768.686720
15.271679	1769.238364
15.277240	1769.912744
15.282802	1770.710476
15.288363	1771.632006
15.293925	1772.677620
15.299486	1773.847433
15.305047	1775.141395
15.310609	1776.559288
15.316170	1778.100727
15.321732	1779.765162
15.327293	1781.551875
15.332855	1783.459984
15.338415	1785.488445
15.343978	1787.636053
15.349540	1789.901446
15.355100	1792.283105
15.360662	1794.779359
15.366225	1797.388389
15.371784	1800.108231
15.377346	1802.936779
15.382906	1805.871792
15.388468	1808.910897
15.394031	1812.051595
15.399590	1815.291267
15.405153	1818.627176
15.410715	1822.056478
15.416274	1825.576224
15.421837	1829.183369
15.427399	1832.874777
15.432959	1836.647227
15.438521	1840.497422
15.444084	1844.421994
15.449643	1848.417512
15.455205	1852.480489
15.460768	1856.607386
15.466327	1860.794624
15.471890	1865.038590
15.477452	1869.335639
15.483012	1873.682109
15.488574	1878.074320
15.494137	1882.508587
15.499696	1886.981223
15.505258	1891.488548
15.510821	1896.026892
15.516380	1900.592605
15.521943	1905.182061
15.527505	1909.791664
15.533064	1914.417853
15.538627	1919.057109
15.544189	1923.705959
15.549749	1928.360980
15.555311	1933.018805
15.560874	1937.676127
15.566433	1942.329702
15.571995	1946.976354
15.577558	1951.612976
15.583117	1956.236538
15.588680	1960.844083
15.594242	1965.432736
15.599802	1969.999701
15.605364	1974.542268
15.610927	1979.057809
15.616486	1983.543784
15.622048	1987.997740
15.627611	1992.417313
15.633170	1996.800226
15.638733	2001.144292
15.644295	2005.447415
15.649854	2009.707586
15.655417	2013.922885
15.660979	2018.091481
15.666539	2022.211631
15.672101	2026.281677
15.677664	2030.300048
15.683223	2034.265257
15.688786	2038.175901
15.694348	2042.030655
15.699907	2045.828278
15.705470	2049.567605
15.711032	2053.247547
15.716592	2056.867090
15.722154	2060.425293
15.727717	2063.921284
15.733276	2067.354259
15.738838	2070.723481
15.744401	2074.028276
15.749960	2077.268032
15.755523	2080.442195
15.761085	2083.550269
15.766644	2086.591812
15.772207	2089.566434
15.777769	2092.473797
15.783329	2095.313608
15.788891	2098.085621
15.794454	2100.789632
15.800013	2103.425480
15.805576	2105.993040
15.811135	2108.492225
15.816697	2110.922983
15.822260	2113.285295
15.827819	2115.579169
15.833382	2117.804645
15.838944	2119.961788
15.844503	2122.050687
15.850066	2124.071453
15.855628	2126.024221
15.861188	2127.909142
15.866750	2129.726385
15.872313	2131.476136
15.877872	2133.158595
15.883434	2134.773972
15.888997	2136.322491
15.894556	2137.804386
15.900119	2139.219897
15.905681	2140.569272
15.911241	2141.852766
15.916803	2143.070636
15.922366	2144.223145
15.927925	2145.310557
15.933487	2146.333136
15.939050	2147.291147
15.944609	2148.184855
15.950172	2149.014523
15.955734	2149.780408
15.961293	2150.482768
15.966856	2151.121854
15.972418	2151.697912
15.977978	2152.211181
15.983540	2152.661895
15.989103	2153.050280
15.994662	2153.376554
16.000225	2153.640926
16.005787	2153.843596
16.011346	2153.984753
16.016909	2154.064578
16.022471	2154.083240
16.028031	2154.040895
16.033593	2153.937690
16.039156	2153.773759
16.044715	2153.549221
16.050277	2153.264186
16.055840	2152.918748
16.061399	2152.512987
16.066962	2152.046971
16.072524	2151.520754
16.078083	2150.934371
16.083646	2150.287849
16.089208	2149.581193
16.094768	2148.814398
16.100330	2147.987440
16.105893	2147.100282
16.111452	2146.152868
16.117015	2145.145130
16.122577	2144.076979
16.128136	2142.948312
16.133699	2141.759011
16.139261	2140.508938
16.144821	2139.197940
16.150383	2137.825847
16.155946	2136.392471
16.161505	2134.897608
16.167067	2133.341036
16.172630	2131.722516
16.178189	2130.041792
16.183752	2128.298589
16.189314	2126.492618
16.194874	2124.623567
16.200436	2122.691113
16.205998	2120.694909
16.211558	2118.634596
16.217120	2116.509795
16.222683	2114.320108
16.228242	2112.065122
16.233805	2109.744406
16.239367	2107.357511
16.244926	2104.903971
16.250489	2102.383303
16.256048	2099.795007
16.261611	2097.138564
16.267173	2094.413441
16.272732	2091.619087
16.278295	2088.754934
16.283857	2085.820397
16.289417	2082.814877
16.294979	2079.737756
16.300542	2076.588403
16.306101	2073.366168
16.311664	2070.070390
16.317226	2066.700389
16.322785	2063.255472
16.328348	2059.734932
16.333910	2056.138047
16.339470	2052.464081
16.345032	2048.712286
16.350595	2044.881901
16.356154	2040.972151
16.361716	2036.982251
16.367279	2032.911404
16.372838	2028.758801
16.378401	2024.523626
16.383963	2020.205050
16.389522	2015.802237
16.395085	2011.314342
16.400647	2006.740515
16.406207	2002.079896
16.411769	1997.331621
16.417332	1992.494821
16.422891	1987.568624
16.428454	1982.552154
16.434016	1977.444533
16.439575	1972.244883
16.445138	1966.952325
16.450700	1961.565985
16.456260	1956.084987
16.461822	1950.508462
16.467385	1944.835547
16.472944	1939.065383
16.478506	1933.197124
16.484069	1927.229928
16.489628	1921.162971
16.495191	1914.995436
16.500753	1908.726525
16.506313	1902.355456
16.511875	1895.881464
16.517438	1889.303806
16.522997	1882.621761
16.528559	1875.834631
16.534122	1868.941747
16.539681	1861.942466
16.545244	1854.836178
16.550806	1847.622305
16.556365	1840.300304
16.561928	1832.869671
16.567490	1825.329940
16.573050	1817.680690
16.578612	1809.921543
16.584175	1802.052169
16.589734	1794.072289
16.595296	1785.981674
16.600859	1777.780154
16.606418	1769.467612
16.611981	1761.043995
16.617543	1752.509311
16.623103	1743.863634
16.628665	1735.107106
16.634228	1726.239940
16.639787	1717.262420
16.645349	1708.174907
16.650912	1698.977840
16.656471	1689.671738
16.662034	1680.257202
16.667596	1670.734918
16.673155	1661.105659
16.678718	1651.370285
16.684277	1641.529750
16.689840	1631.585097
16.695402	1621.537464
16.700962	1611.388086
16.706524	1601.138292
16.712087	1590.789512
16.717646	1580.343272
16.723208	1569.801198
16.728771	1559.165018
16.734330	1548.436559
16.739893	1537.617748
16.745455	1526.710613
16.751014	1515.717284
16.756577	1504.639987
16.762139	1493.481050
16.767699	1482.242895
16.773261	1470.928044
16.778824	1459.539111
16.784383	1448.078804
16.789945	1436.549920
16.795508	1424.955344
16.801067	1413.298049
16.806630	1401.581088
16.812192	1389.807593
16.817752	1377.980773
16.823314	1366.103908
16.828877	1354.180347
16.834436	1342.213500
16.839998	1330.206840
16.845561	1318.163892
16.851120	1306.088233
16.856683	1293.983484
16.862245	1281.853305
16.867804	1269.701392
16.873367	1257.531469
16.878929	1245.347284
16.884489	1233.152604
16.890051	1220.951207
16.895614	1208.746878
16.901173	1196.543403
16.906735	1184.344563
16.912298	1172.154129
16.917857	1159.975854
16.923420	1147.813472
16.928982	1135.670686
16.934542	1123.551169
16.940104	1111.458554
16.945667	1099.396430
16.951226	1087.368340
16.956788	1075.377771
16.962351	1063.428153
16.967910	1051.522851
16.973473	1039.665167
16.979035	1027.858328
16.984594	1016.105488
16.990157	1004.409721
16.995719	992.774021
17.001279	981.201295
17.006841	969.694363
17.012404	958.255954
17.017963	946.888704
17.023526	935.595154
17.029088	924.377750
17.034647	913.238837
17.040210	902.180662
17.045772	891.205372
17.051332	880.315011
17.056894	869.511523
17.062457	858.796749
17.068016	848.172429
17.073578	837.640199
17.079141	827.201597
17.084700	816.858058
17.090263	806.610917
17.095825	796.461410
17.101384	786.410677
17.106947	776.459760
17.112509	766.609607
17.118069	756.861071
17.123631	747.214918
17.129191	737.671819
17.134753	728.232361
17.140316	718.897045
17.145875	709.666288
17.151437	700.540428
17.157000	691.519722
17.162559	682.604352
17.168122	673.794427
17.173684	665.089983
17.179243	656.490990
17.184806	647.997350
17.190368	639.608901
17.195928	631.325420
17.201490	623.146628
17.207053	615.072186
17.212612	607.101705
17.218174	599.234743
17.223737	591.470810
17.229296	583.809371
17.234859	576.249846
17.240421	568.791614
17.245981	561.434015
17.251543	554.176354
17.257106	547.017898
17.262665	539.957885
17.268227	532.995522
17.273790	526.129987
17.279349	519.360432
17.284912	512.685987
17.290474	506.105756
17.296033	499.618826
17.301596	493.224263
17.307158	486.921118
17.312718	480.708424
17.318280	474.585204
17.323843	468.550464
17.329402	462.603204
17.334965	456.742410
17.340527	450.967065
17.346086	445.276140
17.351649	439.668603
17.357211	434.143419
17.362771	428.699547
17.368333	423.335945
17.373896	418.051569
17.379455	412.845376
17.385017	407.716323
17.390580	402.663367
17.396139	397.685469
17.401702	392.781592
17.407264	387.950703
17.412823	383.191775
17.418386	378.503782
17.423948	373.885707
17.429508	369.336538
17.435070	364.855270
17.440633	360.440905
17.446192	356.092450
17.451755	351.808925
17.457317	347.589354
17.462876	343.432772
17.468439	339.338221
17.474001	335.304754
17.479561	331.331433
17.485123	327.417330
17.490686	323.561527
17.496245	319.763115
17.501807	316.021196
17.507370	312.334884
17.512929	308.703301
17.518492	305.125583
17.524054	301.600873
17.529614	298.128328
17.535176	294.707115
17.540739	291.336411
17.546298	288.015406
17.551860	284.743299
17.557423	281.519302
17.562982	278.342638
17.568545	275.212538
17.574104	272.128249
17.579666	269.089026
17.585229	266.094134
17.590788	263.142852
17.596351	260.234468
17.601913	257.368281
17.607472	254.543600
17.613035	251.759747
17.618597	249.016053
17.624157	246.311860
17.629719	243.646520
17.635282	241.019395
17.640841	238.429858
17.646404	235.877292
17.651966	233.361090
17.657525	230.880656
17.663088	228.435401
17.668650	226.024748
17.674210	223.648128
17.679772	221.304985
17.685335	218.994768
17.690894	216.716936
17.696456	214.470961
17.702019	212.256319
17.707578	210.072497
17.713141	207.918992
17.718703	205.795307
17.724263	203.700955
17.729825	201.635458
17.735387	199.598345
17.740947	197.589154
17.746509	195.607430
17.752072	193.652726
17.757631	191.724604
17.763194	189.822632
17.768756	187.946388
17.774315	186.095454
17.779878	184.269422
17.785440	182.467889
17.791000	180.690461