## X [m] Velocity [m/s]
0.005 0
0.015 0
0.025 0
0.035 0
0.045 0
0.055 0
0.065 0
0.075 0
0.085 0
0.095 0
0.105 0
0.115 0
0.125 0
0.135 0
0.145 0
0.155 0
0.165 0
0.175 0
0.185 0
0.195 0
0.205 0
0.215 0
0.225 0
0.235 0
0.245 0
0.255 0
0.265 0
0.275 0
0.285 0
0.295 0
0.305 0
0.315 0
0.325 0
0.335 0.0410254
0.345 0.0910254
0.355 0.141025
0.365 0.191025
0.375 0.241025
0.385 0.291025
0.395 0.341025
0.405 0.391025
0.415 0.441025
0.425 0.491025
0.435 0.541025
0.445 0.591025
0.455 0.608567
0.465 0.608567
0.475 0.608567
0.485 0.608567
0.495 0.608567
0.505 0.608567
0.515 0.608567
0.525 0.608567
0.535 0.608567
0.545 0.608567
0.555 0.608567
0.565 0.608567
0.575 0.608567
0.585 0.608567
0.595 0.608567
0.605 0.608567
0.615 0.608567
0.625 0.608567
0.635 0.608567
0.645 0.608567
0.655 0.608567
0.665 0.608567
0.675 0.608567
0.685 0.608567
0.695 0.608567
0.705 0.608567
0.715 0.608567
0.725 0.608567
0.735 0
0.745 0
0.755 0
0.765 0
0.775 0
0.785 0
0.795 0
0.805 0
0.815 0
0.825 0
0.835 0
0.845 0
0.855 0
0.865 0
0.875 0
0.885 0
0.895 0
0.905 0
0.915 0
0.925 0
0.935 0
0.945 0
0.955 0
0.965 0
0.975 0
0.985 0
0.995 0
