## X [m] Internal-energy [J]
0.005 0.5
0.015 0.5
0.025 0.5
0.035 0.5
0.045 0.5
0.055 0.5
0.065 0.5
0.075 0.5
0.085 0.5
0.095 0.5
0.105 0.5
0.115 0.5
0.125 0.5
0.135 0.5
0.145 0.5
0.155 0.5
0.165 0.5
0.175 0.5
0.185 0.5
0.195 0.5
0.205 0.5
0.215 0.5
0.225 0.5
0.235 0.5
0.245 0.5
0.255 0.5
0.265 0.5
0.275 0.5
0.285 0.5
0.295 0.5
0.305 0.5
0.315 0.5
0.325 0.5
0.335 0.476594
0.345 0.448827
0.355 0.421894
0.365 0.395793
0.375 0.370526
0.385 0.346092
0.395 0.322492
0.405 0.299725
0.415 0.277791
0.425 0.256691
0.435 0.236424
0.445 0.21699
0.455 0.210369
0.465 0.210369
0.475 0.210369
0.485 0.210369
0.495 0.210369
0.505 0.210369
0.515 0.210369
0.525 0.210369
0.535 0.210369
0.545 0.210369
0.555 0.210369
0.565 0.799366
0.575 0.799366
0.585 0.799366
0.595 0.799366
0.605 0.799366
0.615 0.799366
0.625 0.799366
0.635 0.799366
0.645 0.799366
0.655 0.799366
0.665 0.799366
0.675 0.799366
0.685 0.799366
0.695 0.799366
0.705 0.799366
0.715 0.799366
0.725 0.799366
0.735 0.4
0.745 0.4
0.755 0.4
0.765 0.4
0.775 0.4
0.785 0.4
0.795 0.4
0.805 0.4
0.815 0.4
0.825 0.4
0.835 0.4
0.845 0.4
0.855 0.4
0.865 0.4
0.875 0.4
0.885 0.4
0.895 0.4
0.905 0.4
0.915 0.4
0.925 0.4
0.935 0.4
0.945 0.4
0.955 0.4
0.965 0.4
0.975 0.4
0.985 0.4
0.995 0.4
