0.
0.00006854494276921506
0.00013708988553843012
0.0002056348283076452
0.00027417977107686023
0.0003427247138460753
0.0004112696566152904
0.0004798145993845054
0.0005483595421537205
0.0006169044849229355
0.0006854494276921506
0.0007539943704613656
0.0008225393132305807
0.0008910842559997958
0.0009596291987690108
0.0010281741415382258
0.001096719084307441
0.001165264027076656
0.001233808969845871
0.0013023539126150862
0.001370898855384301
0.0014394437981535163
0.0015079887409227312
0.0015765336836919463
0.0016450786264611615
0.0017136235692303764
0.0017821685119995916
0.0018507134547688065
0.0019192583975380217
0.0019878033403072366
0.0020563482830764515
0.002124893225845667
0.002193438168614882
0.002261983111384097
0.002330528054153312
0.002399072996922527
0.002467617939691742
0.002536162882460957
0.0026047078252301723
0.0026732527679993873
0.002741797710768602
0.0028103426535378176
0.0028788875963070325
0.0029474325390762474
0.0030159774818454624
0.0030845224246146778
0.0031530673673838927
0.0032216123101531076
0.003290157252922323
0.003358702195691538
0.003427247138460753
0.003495792081229968
0.003564337023999183
0.003632881966768398
0.003701426909537613
0.003769971852306828
0.0038385167950760433
0.003907061737845259
0.003975606680614473
0.004044151623383689
0.004112696566152903
0.0041812415089221185
0.004249786451691334
0.004318331394460548
0.004386876337229764
0.004455421279998979
0.004523966222768194
0.004592511165537409
0.004661056108306624
0.004729601051075839
0.004798145993845054
0.004866690936614269
0.004935235879383484
0.005003780822152699
0.005072325764921914
0.005140870707691129
0.005209415650460345
0.005277960593229559
0.0053465055359987745
0.00541505047876799
0.005483595421537204
0.00555214036430642
0.005620685307075635
0.00568923024984485
0.005757775192614065
0.0058263201353832795
0.005894865078152495
0.00596341002092171
0.006031954963690925
0.00610049990646014
0.0061690448492293555
0.00623758979199857
0.006306134734767785
0.006374679677537001
0.006443224620306215
0.006511769563075431
0.006580314505844646
0.0066488594486138605
0.006717404391383076
0.00678594933415229
0.006854494276921506
0.006923039219690721
0.006991584162459936
0.007060129105229151
0.007128674047998366
0.007197218990767581
0.007265763933536796
0.007334308876306012
0.007402853819075226
0.0074713987618444415
0.007539943704613656
0.007608488647382871
0.007677033590152087
0.007745578532921301
0.007814123475690517
0.007882668418459731
0.007951213361228946
0.008019758303998162
0.008088303246767377
0.008156848189536593
0.008225393132305806
0.008293938075075022
0.008362483017844237
0.008431027960613452
0.008499572903382668
0.008568117846151883
0.008636662788921097
0.008705207731690312
0.008773752674459527
0.008842297617228743
0.008910842559997958
0.008979387502767172
0.009047932445536387
0.009116477388305603
0.009185022331074818
0.009253567273844033
0.009322112216613249
0.009390657159382462
0.009459202102151678
0.009527747044920893
0.009596291987690108
0.009664836930459324
0.009733381873228537
0.009801926815997753
0.009870471758766968
0.009939016701536183
0.010007561644305399
0.010076106587074614
0.010144651529843828
0.010213196472613043
0.010281741415382259
0.010350286358151474
0.01041883130092069
0.010487376243689905
0.010555921186459118
0.010624466129228334
0.010693011071997549
0.010761556014766764
0.01083010095753598
0.010898645900305193
0.010967190843074409
0.011035735785843624
0.01110428072861284
0.011172825671382055
0.01124137061415127
0.011309915556920484
0.0113784604996897
0.011447005442458915
0.01151555038522813
0.011584095327997345
0.011652640270766559
0.011721185213535774
0.01178973015630499
0.011858275099074205
0.01192682004184342
0.011995364984612636
0.01206390992738185
0.012132454870151065
0.01220099981292028
0.012269544755689496
0.012338089698458711
0.012406634641227925
0.01247517958399714
0.012543724526766355
0.01261226946953557
0.012680814412304786
0.012749359355074001
0.012817904297843215
0.01288644924061243
0.012954994183381646
0.013023539126150861
0.013092084068920077
0.013160629011689292
0.013229173954458506
0.013297718897227721
0.013366263839996936
0.013434808782766152
0.013503353725535367
0.01357189866830458
0.013640443611073796
0.013708988553843011
0.013777533496612227
0.013846078439381442
0.013914623382150658
0.013983168324919871
0.014051713267689087
0.014120258210458302
0.014188803153227517
0.014257348095996733
0.014325893038765946
0.014394437981535162
0.014462982924304377
0.014531527867073592
0.014600072809842808
0.014668617752612023
0.014737162695381237
0.014805707638150452
0.014874252580919668
0.014942797523688883
0.015011342466458098
0.015079887409227312
0.015148432351996527
0.015216977294765743
0.015285522237534958
0.015354067180304173
0.015422612123073389
0.015491157065842602
0.015559702008611818
0.015628246951381035
0.01569679189415025
0.015765336836919462
0.01583388177968868
0.015902426722457893
0.01597097166522711
0.016039516607996324
0.016108061550765537
0.016176606493534754
0.016245151436303968
0.016313696379073185
0.0163822413218424
0.016450786264611612
0.01651933120738083
0.016587876150150043
0.01665642109291926
0.016724966035688474
0.016793510978457687
0.016862055921226905
0.016930600863996118
0.016999145806765335
0.01706769074953455
0.017136235692303766
0.01720478063507298
0.017273325577842193
0.01734187052061141
0.017410415463380624
0.01747896040614984
0.017547505348919055
0.01761605029168827
0.017684595234457486
0.0177531401772267
0.017821685119995916