1.
0.9999956863998362
0.9999827163606774
0.9999611484134431
0.9999309518544071
0.999892125237746
0.9998446662481308
0.9997885727731585
0.9997238418718443
0.9996504690373136
0.9995684503104106
0.9994777842676974
0.9993784642742657
0.9992704847126623
0.9991538402688099
0.9990285253484605
0.9988945337912464
0.9987518584979307
0.9986004916010401
0.9984404261607827
0.998271653091412
0.9980941620577544
0.997907944793987
0.9977129916449966
0.9975092924908197
0.9972968373835338
0.9970756137746505
0.9968456099094622
0.9966068127902011
0.9963592110204241
0.9961027913574837
0.9958375409500867
0.995563445680938
0.9952804909166537
0.9949886600046939
0.9946879381702246
0.9943783070222024
0.9940597527380286
0.9937322555780221
0.9933958009132379
0.9930503672254977
0.9926959386939076
0.9923324934054283
0.9919600119052248
0.9915784758245557
0.9911878609155608
0.9907881474748006
0.9903793145784683
0.9899613379673333
0.9895341938569695
0.9890978597656919
0.988652309850778
0.9881975183796969
0.9877334589316447
0.9872601047079378
0.9867774283331514
0.9862854011371349
0.9857839954394216
0.985273184316964
0.9847529379565865
0.9842232263597468
0.9836840193646955
0.9831352865100881
0.9825769918795846
0.9820091022840451
0.9814315847014051
0.9808444023119276
0.9802475186473978
0.9796409010423158
0.9790245136614365
0.9783983171582703
0.9777622729215881
0.9771163424807815
0.9764604827706121
0.975794653571456
0.9751188142368404
0.9744329211948817
0.9737369327289755
0.9730308052054385
0.9723144907315099
0.9715879426527233
0.9708511134178327
0.9701039521317297
0.9693464114612095
0.9685784444087359
0.9677999359693619
0.9670109662671212
0.9662113937589291
0.9654011962832119
0.9645802998274228
0.9637486419270251
0.9629061902175796
0.9620528548576137
0.9611885942983631
0.9603133502643812
0.9594270387433825
0.9585296193394898
0.9576210175382099
0.9567011558376646
0.9557699862639971
0.9548274283163926
0.9538734041857195
0.9529078569949567
0.9519307063276692
0.9509418693722388
0.9499412779221279
0.948928853792106
0.9479045147628924
0.9468681751344591
0.9458197560737502
0.9447591723782126
0.9436863363087215
0.9426011556193364
0.9415035425233241
0.9403934047475947
0.9392706468615125
0.9381351702726198
0.9369868767551213
0.9358256663868949
0.9346514352460833
0.933464078002588
0.932263484903496
0.9310495467787223
0.9298221513968719
0.9285811828703079
0.927326523264713
0.9260580511459923
0.9247756428718278
0.9234791721062265
0.9221685117038418
0.9208435274001991
0.9195040851508717
0.9181500436713554
0.9167812613312876
0.915397596029888
0.9139988960492511
0.9125850114651716
0.9111557838011202
0.9097110510471792
0.9082506513829295
0.9067744172282284
0.9052821784482246
0.9037737515168002
0.9022489594486387
0.9007076132134015
0.8991495237473464
0.8975744969577948
0.8959823256549405
0.8943728092682002
0.8927457494660638
0.8911009045328504
0.8894380470305717
0.887756946724993
0.8860573784052391
0.884339099508532
0.8826018645035616
0.8808454082576112
0.8790694482763519
0.8772737090207412
0.8754579197737038
0.873621818426842
0.8717650891696557
0.8698874018124763
0.8679884275348094
0.8660678476174718
0.864125334304759
0.862160559447857
0.8601731551419541
0.8581627163707125
0.8561288423777266
0.8540711364277133
0.8519892099210966
0.8498826490718694
0.8477510057635147
0.8455937996556098
0.8434105342980213
0.841200711100685
0.8389638224129606
0.8366993835327045
0.834406808086075
0.8320855416405208
0.8297349556959632
0.8273544110556367
0.8249432384375144
0.8225007735306831
0.8200263258481422
0.8175192092638023
0.8149786342938099
0.8124037800503556
0.8097937702981771
0.8071477085866483
0.8044646742685455
0.8017437134250559
0.7989838356346387
0.7961839915679538
0.7933430578633698
0.7904598340941084
0.7875330536040657
0.784561386568738
0.7815434457583448
0.7784777729716773
0.7753628376014462
0.7721970131958059
0.7689785674453994
0.7657056493873953
0.7623762736200214
0.7589883240293971
0.7555395495483689
0.7520275497798141
0.7484497729686229
0.7448034875266774
0.7410857630118652
0.737293446893895
0.7334231171013111
0.7294710777395724
0.7254333098221339
0.7213054588758744
0.7170827932097253
0.7127601665563986
0.7083319458700935
0.7037919699258319
0.6991334660077124
0.694348971731504
0.6894302339093138
0.6843680922681226
0.6791523567079849
0.6737716465908938
0.6682132010431435
0.6624626756409926
0.656503880458103
0.6503184729861429
0.6438855923062623
0.6371814183868865
0.6301786440092343
0.622845840736316
0.6151466967865845
0.6070391044754962
0.5984740709895909
0.5893943912167658
0.5797331374633246
0.5694118522901039
0.558338509635107
0.5464052167150153
0.533486008901
0.5194342343368661
0.5040808908480711
0.4872342201518211
0.4686806917516523
0.4481911368594892
0.425532124945694
0.4004864927952268
0.37288750548563293
0.34266623068170127
0.3099143859620785
0.2749552986102862
0.23840679899629733
0.20121089665626954
0.1645985693080598
0.1299670932767487
0.09867548300268879
0.0718045885382447