1.
1.000030195275576
1.0000171803886582
0.9999959575891932
0.9999671393556084
0.9999281773038744
0.9998791145980157
0.999823377973375
0.9997591287062632
0.9996850404211867
0.9996023182738974
0.9995124534399207
0.9994131721900733
0.9993051761210107
0.9991886409035172
0.9990635100449078
0.9989294165320578
0.9987866527108102
0.9986352785824145
0.998475395915276
0.9983068043287262
0.9981293078438899
0.9979430500224967
0.9977481685793423
0.9975445574626907
0.9973322350887099
0.9971110974880604
0.9968811643425632
0.9966424014414276
0.9963948386000255
0.9961385006136896
0.9958733462382362
0.9955993716999837
0.9953165466876422
0.9950248246705482
0.9947242001697469
0.9944146287221177
0.9940961300985559
0.9937687352679272
0.9934324161833384
0.9930871074301458
0.992732823063014
0.9923695135781827
0.9919971523691826
0.9916157419373791
0.9912252467756798
0.9908256497030874
0.9904169400117881
0.989999088443667
0.9895720703048632
0.9891358792145256
0.9886904865345534
0.9882358655766612
0.9877719918850056
0.987298842040652
0.9868163645668453
0.9863245235398225
0.9858232924093487
0.9853126294095467
0.9847924925348602
0.9842629159622083
0.9837239148749275
0.9831754418152633
0.9826173875208727
0.9820497392478317
0.9814724732219688
0.980885496305949
0.9802887585124538
0.9796823161798015
0.97906616352561
0.978440218041629
0.9778044476058932
0.9771588183249296
0.9765032058109588
0.975837590244585
0.9751619859846722
0.9744763191151576
0.9737805968303941
0.9730748031081691
0.9723588208182293
0.9716326003366659
0.9708960909404741
0.9701491919945388
0.9693918897885198
0.96862421378617
0.9678460158547783
0.967057614170601
0.966258101933822
0.9654483924682843
0.9646278915919289
0.9637964047938812
0.9629545479710038
0.9621014535352035
0.9612375537475377
0.960362853630184
0.9594767776698037
0.9585798306056709
0.9576717225717686
0.9567521491417187
0.955821492032676
0.9548794275451437
0.9539257492520096
0.95296071329397
0.9519840945048053
0.9509956730676965
0.9499955632601927
0.9489836874168618
0.94795988901146
0.9469240398821543
0.9458761536031656
0.9448161455970012
0.9437438921044098
0.9426592687926444
0.9415622378426425
0.9404527156126063
0.9393305889265327
0.9381957382140952
0.9370480801533193
0.9358875342105076
0.9347139885925527
0.9335273322201331
0.9323274417919355
0.9311142221596356
0.9298875716154917
0.9286473710549812
0.9273934977108992
0.9261258209983466
0.9248442216572613
0.9235485870912751
0.9222387902007705
0.920914692806191
0.9195761599029798
0.918223034670966
0.9168551893602379
0.9154724986969445
0.9140748012540982
0.9126619497013415
0.911233778544926
0.9097901120449776
0.9083308072326771
0.90685571418825
0.9053646568226406
0.9038574314612148
0.9023338691759437
0.9007937819203057
0.8992369939203535
0.8976633132601834
0.8960725198647337
0.8944644239571631
0.8928388621635036
0.8911955434643393
0.8895341919975186
0.8878546235670595
0.8861566790506286
0.8844401175757739
0.8827046844012635
0.8809500728505176
0.8791759481227998
0.877382028723122
0.8755681449150414
0.87373412828682
0.8718796138941503
0.8700041478084944
0.8681073541128939
0.8661889829241681
0.8642488138352753
0.8622865843830685
0.8603018700674093
0.8582941825228987
0.8562630346586988
0.8542080634840807
0.8521290148969202
0.85002555172959
0.8478972087893092
0.8457434192748815
0.843563612769186
0.8413572955722546
0.8391240293928146
0.8368634408761325
0.8345749335236297
0.8322580154633519
0.8299119446249843
0.8275360385951115
0.8251295716886878
0.8226919590141247
0.8202226217549268
0.8177209905629064
0.8151862585368492
0.8126175860472717
0.8100139826885607
0.8073745316846399
0.8046983521550429
0.8019845703614371
0.7992323022551068
0.7964405782748685
0.7936082972189029
0.7907342365961366
0.7878171038844762
0.7848555681021866
0.7818482838300279
0.7787938718084756
0.7756909108186565
0.7725378743581149
0.7693331159659705
0.7660748539245155
0.7627611473690278
0.7593899333433122
0.7559590387012436
0.7524661731778456
0.7489089341364559
0.7452847699765229
0.7415909515214245
0.7378245425271563
0.7339823452849774
0.730060916817533
0.7260564882995336
0.7219650184642002
0.7177821467213967
0.7135031699333304
0.7091229772753178
0.7046360230318768
0.7000362566059773
0.6953170627326729
0.6904711829575056
0.685490630158376
0.6803666093379195
0.6750894057271782
0.6696482620620353
0.6640312548216968
0.6582251359458494
0.6522151549109169
0.6459848569162948
0.6395158501845235
0.6327875453611772
0.6257768653005891
0.6184579250157649
0.6108016896319408
0.6027756161350023
0.5943432811687062
0.5854640693060735
0.5760929102536027
0.566180172965007
0.5556717692828876
0.5445097877790163
0.5326333281013867
0.5199804684715326
0.5064913065816273
0.4921119187074788
0.4768005262041249
0.460534857861946
0.44332100543337927
0.42520333727693865
0.40627325705031386
0.3866756360250262
0.3666101277710216
0.34632534240033463
0.32610496400418193
0.30624671083341226
0.28703724216134435
0.2687276359842684
0.251514178733779