0.
0.00006854257743172447
0.00013708516094994928
0.00020562767029983067
0.00027416984887001486
0.00034271235702452757
0.0004112554873414038
0.0004797978963911905
0.0005483401876194027
0.0006168831509618388
0.0006854262036801961
0.0007539682173498211
0.0008225107478423844
0.0008910533215379955
0.0009595957759458983
0.001028138137460532
0.0010966807867391363
0.0011652234333777824
0.0012337659907016587
0.0013023083000774374
0.001370850584861862
0.0014393931129532255
0.001507935693517532
0.0015764781009069999
0.0016450204700098495
0.0017135627486334353
0.001782105090825274
0.0018506474478363149
0.0019191898636108833
0.001987732263441927
0.002056274567757102
0.002124816828164651
0.0021933590188045653
0.002261901170070737
0.0023304433499667905
0.00239898554033521
0.002467527808195561
0.0025360700756299694
0.0026046122104956917
0.0026731542390299743
0.0027416962753474355
0.0028102382370086766
0.002878780199904082
0.002947322186932872
0.003015864137782477
0.003084406086250339
0.0031529480254469423
0.003221489922748105
0.003290031793207298
0.0033585736394069346
0.003427115405247997
0.0034956570968737435
0.0035641987145746136
0.003632740248160722
0.003701281681568525
0.0037698231027417295
0.0038383645409282496
0.003906905994225892
0.003975447524861357
0.0040439891884411485
0.004112530725005068
0.004181071936178304
0.004249612879951602
0.004318153866800047
0.0043866948094234545
0.0044552356654355574
0.004523776692143456
0.00459231796272947
0.004660859066595892
0.004729399851965185
0.004797940517259036
0.004866481026386958
0.00493502135099146
0.005003561901488969
0.005072102583528257
0.005140643114350721
0.005209183651179655
0.0052777239306719195
0.005346263791962479
0.005414803605235118
0.005483343387310359
0.005551883157050901
0.005620423204056549
0.00568896334367597
0.005757503126541152
0.005826042739847378
0.005894580727878878
0.005963121754259151
0.006031660090070505
0.006100198926613457
0.006168739129819843
0.0062372765520541116
0.0063058161926767345
0.006374354991090388
0.0064428924944809375
0.006511431995314848
0.006579969823103929
0.006648507417084137
0.006717046364860854
0.006785583663847128
0.006854121006322519
0.006922659329592181
0.006991196371800875
0.007059733166446719
0.007128270734904145
0.007196807722040494
0.0072653441073813226
0.007333880449061888
0.007402417080178114
0.0074709532823492245
0.007539489039582434
0.007608024631009627
0.007676560315451157
0.007745095687298333
0.007813630667902355
0.007882165397022507
0.007950700047635732
0.008019234492604351
0.008087768561027579
0.008156302313303727
0.008224835793716323
0.008293369117809136
0.008361902158093962
0.008430434813969481
0.008498967106910822
0.008567499074347874
0.008636030795569039
0.008704562225604846
0.00877309322901266
0.008841623796746956
0.008910153957966233
0.008978683714264853
0.009047213211092605
0.009115742306896771
0.009184270825518343
0.009252798853230616
0.009321326354036683
0.009389853389903587
0.00945838009502424
0.009526906266809566
0.009595431708205872
0.00966395646750662
0.009732480747867648
0.00980100445348711
0.00986952756287546
0.009938049918011616
0.010006571479498566
0.010075092376225307
0.01014361247332056
0.010212131355139611
0.010280649564072484
0.010349167651362293
0.010417685078878832
0.010486201052830253
0.010554715521163046
0.01062322856185178
0.010691740648524883
0.0107602524030545
0.010828763896513448
0.010897273871421176
0.010965781119420426
0.01103428619970773
0.011102790643402333
0.011171295047412176
0.011239798524337296
0.011308299652980795
0.011376797514583295
0.011445292787281148
0.0115137865318428
0.011582279885648273
0.011650772386583077
0.011719262171382822
0.011787748117330141
0.011856230375159305
0.011924710080083016
0.01199318822863939
0.012061664720772263
0.012130138521333872
0.01219860794882549
0.012267073051235184
0.012335532802091011
0.012403988773805327
0.012472441532641461
0.012540891865020741
0.012609338502714501
0.012677779636260076
0.012746213315871018
0.012814639635749955
0.01288305871575313
0.012951472206850995
0.013019880304407691
0.013088282233702097
0.01315667653067937
0.01322506124763375
0.013293434813776438
0.013361796574194361
0.013430146603017704
0.01349848504295243
0.013566811615190202
0.013635125281912882
0.013703424314713232
0.013771706382130912
0.013839969236781904
0.013908210803474316
0.013976429232568218
0.014044623059195965
0.014112790601311523
0.014180929645920456
0.014249037281914057
0.014317109736179879
0.014385142487175174
0.01445313041360111
0.014521067885668818
0.014588948874435787
0.014656766516953669
0.014724513703522202
0.014792181710737148
0.01485976021603783
0.0149272369074383
0.014994597213933394
0.015061823862388194
0.015128896417712008
0.015195790674195611
0.015262477901700227
0.015328923842932217
0.015395087334123023
0.015460918680257002
0.015526357455832163
0.015591329799333087
0.01565574486067743
0.015719490264371416
0.01578242622728113
0.015844377917897712
0.015905125411022673
0.015964390441172434
0.016021818872053138
0.016076957359441993
0.016129222307077785
0.016177857898774985
0.01622188048439899
0.016260003398475293
0.016290536488051444
0.016311251648363508
0.016319206396051427
0.016310507564416366
0.016280011438451293
0.016220951001873343
0.016124473769198778
0.0159791486503365
0.015770469028736536
0.01548050024251432
0.015087952447704918
0.014568976087845187
0.013899234017116378
0.013057702502023883
0.012032336332454248
0.01082703324102546
0.009468107157722222
0.008007377095360804
0.006518866864533564
0.005087899113846661